Black Body Radiation Experiment Wed, Sep 23, 2020 2:52 PM
Sensor Position (Degrees)	Light Intensity (Volts)
0.00000	-0.00938
0.00000	-0.00794
0.00000	-0.00922
0.00000	-0.01003
0.00000	-0.01148
0.00000	-0.01116
0.00000	-0.00874
0.00000	-0.01180
0.00000	-0.00971
0.00000	-0.01196
0.00000	-0.01180
0.00000	-0.00810
0.00000	-0.01518
0.00000	-0.01390
0.00000	-0.00874
0.00000	-0.00938
0.00000	-0.01422
0.00000	-0.00955
0.00000	-0.01293
0.00000	-0.00922
0.00000	-0.01212
0.00000	-0.01051
0.00000	-0.01051
0.00000	-0.01583
0.00000	-0.01373
0.00000	-0.01438
0.00000	-0.01551
0.00000	-0.01631
0.00000	-0.01535
0.00000	-0.00971
0.00000	-0.01293
0.00000	-0.01261
0.00000	-0.01116
0.00000	-0.01663
0.00000	-0.01051
0.00000	-0.01196
0.00000	-0.01390
0.00000	-0.01422
0.00000	-0.00938
0.00000	-0.01535
0.00000	-0.01003
0.00000	-0.00987
0.00000	-0.00971
0.00000	-0.01277
0.00000	-0.01051
0.00000	-0.00777
0.00000	-0.01164
0.00000	-0.01502
0.00000	-0.01164
0.00000	-0.01067
0.00000	-0.01567
0.00000	-0.01277
0.00000	-0.01245
0.00000	-0.01228
0.00000	-0.01454
0.00000	-0.01454
0.00000	-0.01100
0.00000	-0.01583
0.00000	-0.01615
0.00000	-0.01535
0.00000	-0.01100
0.00000	-0.01132
0.00000	-0.01422
0.00000	-0.00810
0.00000	-0.01212
0.00000	-0.01502
0.00000	-0.01309
0.00000	-0.01003
0.00000	-0.01067
0.00000	-0.01003
0.00000	-0.01100
0.00000	-0.01180
0.00000	-0.01438
0.00000	-0.01567
0.00000	-0.01196
0.00000	-0.01196
0.00000	-0.01599
0.00000	-0.01180
0.00000	-0.01132
0.00000	-0.01180
0.00000	-0.01180
0.00000	-0.01599
0.00000	-0.01196
0.00000	-0.01325
0.00000	-0.01277
0.00000	-0.01132
0.00000	-0.01261
0.00000	-0.01067
0.00000	-0.01309
0.00000	-0.01132
0.00000	-0.00987
0.00000	-0.01293
0.00000	-0.01019
0.00000	-0.01228
0.00000	-0.00777
0.00000	-0.01502
0.00000	-0.01293
0.00000	-0.01551
0.00000	-0.01373
0.00000	-0.01502
0.00000	-0.01196
0.00000	-0.01599
0.00000	-0.01116
0.00000	-0.01583
0.00000	-0.01470
0.00000	-0.00842
0.00000	-0.01100
0.00000	-0.01180
0.00000	-0.01083
0.00000	-0.00890
0.00000	-0.01067
0.00000	-0.01212
0.00000	-0.00729
0.00000	-0.01180
0.00000	-0.01357
0.00000	-0.01325
0.00000	-0.01261
0.00000	-0.01164
0.00000	-0.01406
0.00000	-0.01132
0.00000	-0.01309
0.00000	-0.00649
0.00000	-0.01277
0.00000	-0.01325
0.00000	-0.01100
0.00000	-0.01470
0.00000	-0.00922
0.00000	-0.01357
0.00000	-0.01083
0.00000	-0.01293
0.00000	-0.00890
0.00000	-0.01261
0.00000	-0.01164
0.00000	-0.01309
0.00000	-0.01390
0.00000	-0.01277
0.00000	-0.01535
0.00000	-0.01212
0.00000	-0.01470
0.00000	-0.01438
0.00000	-0.01325
0.00000	-0.01406
0.00000	-0.01277
0.00000	-0.01663
0.00000	-0.01373
0.00000	-0.01438
0.00000	-0.01051
0.00000	-0.00971
0.00000	-0.01051
0.00000	-0.01035
0.00000	-0.01148
0.00000	-0.01261
0.00000	-0.01325
0.00000	-0.01051
0.00000	-0.01019
0.00000	-0.01228
0.00000	-0.00616
0.00000	-0.01003
0.00000	-0.00874
0.01035	-0.01180
0.01035	-0.01003
0.01035	-0.01438
0.01035	-0.01325
0.00000	-0.01035
0.00000	-0.01180
0.00000	-0.01438
0.00000	-0.01083
-0.01035	-0.01341
-0.01035	-0.01245
-0.01035	-0.01116
-0.01035	-0.01116
-0.01035	-0.01116
-0.02070	-0.01357
-0.02070	-0.01438
-0.02070	-0.01518
-0.02070	-0.01518
-0.02070	-0.00874
-0.02070	-0.01502
-0.02070	-0.01422
-0.02070	-0.01454
-0.02070	-0.01245
-0.02070	-0.00906
-0.02070	-0.00665
-0.02070	-0.01003
-0.02070	-0.01406
-0.02070	-0.01116
-0.03104	-0.01261
-0.03104	-0.01019
-0.03104	-0.01470
-0.03104	-0.01406
-0.03104	-0.01357
-0.03104	-0.01728
-0.03104	-0.01341
-0.03104	-0.01132
-0.04139	-0.01341
-0.04139	-0.01228
-0.04139	-0.00906
-0.04139	-0.01341
-0.04139	-0.01502
-0.04139	-0.01148
-0.04139	-0.01051
-0.04139	-0.01148
-0.04139	-0.01164
-0.04139	-0.01454
-0.04139	-0.01406
-0.04139	-0.01615
-0.04139	-0.01180
-0.04139	-0.01406
-0.04139	-0.01212
-0.04139	-0.01390
-0.04139	-0.01228
-0.04139	-0.01212
-0.04139	-0.01132
-0.04139	-0.01277
-0.04139	-0.01535
-0.04139	-0.01502
-0.04139	-0.01309
-0.04139	-0.01180
-0.04139	-0.01744
-0.04139	-0.01486
-0.04139	-0.01261
-0.05174	-0.01261
-0.05174	-0.01390
-0.05174	-0.01357
-0.05174	-0.01083
-0.05174	-0.01083
-0.05174	-0.01341
-0.05174	-0.01486
-0.05174	-0.01293
-0.05174	-0.01132
-0.05174	-0.01309
-0.05174	-0.01535
-0.05174	-0.01583
-0.05174	-0.01261
-0.05174	-0.01712
-0.06209	-0.01567
-0.06209	-0.01776
-0.06209	-0.01454
-0.06209	-0.01438
-0.06209	-0.01615
-0.06209	-0.01325
-0.06209	-0.01615
-0.06209	-0.01696
-0.06209	-0.01325
-0.06209	-0.01390
-0.06209	-0.01212
-0.06209	-0.01164
-0.05174	-0.01277
-0.05174	-0.01825
-0.05174	-0.01438
-0.05174	-0.01245
-0.05174	-0.01245
-0.05174	-0.01776
-0.05174	-0.01277
-0.05174	-0.01535
-0.05174	-0.01390
-0.05174	-0.01148
-0.05174	-0.01003
-0.05174	-0.01518
-0.05174	-0.01454
-0.05174	-0.01583
-0.05174	-0.01599
-0.04139	-0.01454
-0.04139	-0.01744
-0.04139	-0.00858
-0.04139	-0.01518
-0.04139	-0.01325
-0.04139	-0.01390
-0.04139	-0.01245
-0.03104	-0.00794
-0.03104	-0.01567
-0.02070	-0.01148
-0.02070	-0.01470
-0.01035	-0.01309
0.00000	-0.01744
0.01035	-0.01583
0.02070	-0.01422
0.03104	-0.02179
0.04139	-0.01518
0.07244	-0.01422
0.09313	-0.01357
0.12418	-0.01502
0.16557	-0.01293
0.19662	-0.01406
0.22766	-0.01583
0.26905	-0.01373
0.30010	-0.01712
0.34149	-0.01164
0.38288	-0.01261
0.41393	-0.01309
0.44497	-0.01583
0.48637	-0.01422
0.52776	-0.01228
0.56915	-0.01567
0.60020	-0.01615
0.63124	-0.01502
0.65194	-0.01390
0.68298	-0.01567
0.71403	-0.01696
0.74507	-0.01776
0.76577	-0.01245
0.79681	-0.01196
0.83820	-0.01502
0.87960	-0.01663
0.92099	-0.01567
0.95203	-0.01792
0.99343	-0.01486
1.03482	-0.01438
1.06586	-0.01341
1.09691	-0.01680
1.12795	-0.01100
1.16935	-0.01196
1.21074	-0.01535
1.24178	-0.01341
1.29352	-0.01647
1.32457	-0.01438
1.37631	-0.01325
1.41770	-0.01438
1.46944	-0.01406
1.52118	-0.01889
1.57293	-0.01567
1.61432	-0.01535
1.65571	-0.01615
1.69710	-0.01776
1.72815	-0.01712
1.75919	-0.01261
1.80059	-0.01422
1.83163	-0.01663
1.86268	-0.01357
1.89372	-0.01986
1.91442	-0.01808
1.94546	-0.01035
1.97651	-0.01470
2.00755	-0.01438
2.04894	-0.01035
2.07999	-0.01583
2.12138	-0.01615
2.16277	-0.01180
2.19382	-0.01647
2.23521	-0.01454
2.27660	-0.01857
2.32834	-0.01470
2.35939	-0.01309
2.40078	-0.01309
2.44217	-0.01518
2.47322	-0.01100
2.50426	-0.01486
2.52496	-0.01116
2.54566	-0.01760
2.55600	-0.01470
2.57670	-0.01663
2.59740	-0.01438
2.60775	-0.01728
2.61809	-0.01454
2.62844	-0.01373
2.64914	-0.01567
2.65949	-0.01277
2.66983	-0.01196
2.69053	-0.01615
2.71123	-0.01535
2.74227	-0.01100
2.78366	-0.01551
2.82506	-0.01535
2.87680	-0.01132
2.91819	-0.01341
2.96993	-0.01502
3.02167	-0.01422
3.07341	-0.01631
3.12516	-0.01196
3.17690	-0.01325
3.22864	-0.01454
3.28038	-0.01744
3.33212	-0.01857
3.36316	-0.01454
3.39421	-0.01373
3.43560	-0.01341
3.46665	-0.00987
3.49769	-0.01164
3.53908	-0.01728
3.58048	-0.01535
3.61152	-0.01599
3.65291	-0.01454
3.68396	-0.01599
3.70465	-0.01212
3.72535	-0.01712
3.74605	-0.01245
3.77709	-0.01373
3.80814	-0.01599
3.83918	-0.01422
3.87023	-0.01293
3.91162	-0.00987
3.95301	-0.01100
3.99440	-0.01792
4.03580	-0.01470
4.08754	-0.01438
4.12893	-0.01792
4.15997	-0.01535
4.18067	-0.01373
4.20137	-0.01615
4.21172	-0.01406
4.23241	-0.01261
4.24276	-0.01454
4.26346	-0.01663
4.27380	-0.01583
4.28415	-0.01680
4.30485	-0.01422
4.32555	-0.01325
4.35659	-0.01293
4.38764	-0.01406
4.41868	-0.01067
4.44972	-0.01293
4.48077	-0.00842
4.52216	-0.00938
4.54286	-0.01293
4.56355	-0.01406
4.57390	-0.01486
4.59460	-0.01245
4.60495	-0.01148
4.62564	-0.01180
4.63599	-0.01583
4.64634	-0.01518
4.66704	-0.01406
4.67738	-0.01277
4.68773	-0.01277
4.69808	-0.01148
4.71878	-0.01148
4.73947	-0.01245
4.74982	-0.01470
4.79121	-0.01100
4.82226	-0.01357
4.85330	-0.01132
4.88435	-0.01470
4.92574	-0.01341
4.95679	-0.01293
4.98783	-0.01535
5.01888	-0.01245
5.04992	-0.01599
5.07062	-0.01615
5.10166	-0.01341
5.13271	-0.01518
5.15340	-0.01261
5.18445	-0.01293
5.21549	-0.01100
5.23619	-0.01518
5.25688	-0.00938
5.27758	-0.01406
5.29828	-0.01341
5.31897	-0.01535
5.32932	-0.01116
5.33967	-0.01019
5.36037	-0.01373
5.37071	-0.01502
5.38106	-0.01647
5.39141	-0.00987
5.40176	-0.01245
5.40176	-0.01228
5.41211	-0.01486
5.42245	-0.01341
5.43280	-0.01390
5.44315	-0.01325
5.46385	-0.01373
5.49489	-0.01164
5.53628	-0.01293
5.57768	-0.01212
5.60872	-0.01277
5.62942	-0.01083
5.66046	-0.01599
5.69151	-0.01019
5.73290	-0.01180
5.77429	-0.01180
5.80534	-0.00842
5.83638	-0.01663
5.87778	-0.01309
5.90882	-0.01341
5.92952	-0.01438
5.96056	-0.01470
5.99161	-0.01277
6.02265	-0.00955
6.04335	-0.01180
6.07439	-0.01196
6.10544	-0.01228
6.13648	-0.01325
6.16752	-0.01051
6.19857	-0.01647
6.23996	-0.01245
6.27101	-0.01116
6.30205	-0.01051
6.34344	-0.01341
6.38484	-0.01518
6.42623	-0.01406
6.46762	-0.01486
6.48832	-0.01132
6.52971	-0.00665
6.55041	-0.01212
6.59180	-0.00971
6.61250	-0.01196
6.63319	-0.01196
6.65389	-0.00842
6.66424	-0.00890
6.68493	-0.00971
6.70563	-0.00987
6.71598	-0.00987
6.73668	-0.00938
6.75737	-0.00971
6.76772	-0.01486
6.78842	-0.01245
6.79876	-0.01245
6.80911	-0.00890
6.81946	-0.01051
6.84016	-0.01116
6.86085	-0.01293
6.87120	-0.01067
6.89190	-0.01245
6.92294	-0.01083
6.94364	-0.01502
6.96434	-0.00874
6.99538	-0.01470
7.02643	-0.01567
7.05747	-0.01228
7.07817	-0.01502
7.10921	-0.01132
7.14026	-0.01277
7.16095	-0.01228
7.19200	-0.01148
7.22304	-0.01132
7.24374	-0.01293
7.27478	-0.01373
7.29548	-0.01325
7.31617	-0.01132
7.34722	-0.01373
7.36792	-0.01051
7.37826	-0.01277
7.39896	-0.01132
7.40931	-0.00874
7.41966	-0.01067
7.43000	-0.01164
7.44035	-0.00826
7.46105	-0.01180
7.47140	-0.00794
7.48175	-0.00874
7.50244	-0.01083
7.52314	-0.01035
7.54383	-0.00938
7.56453	-0.01083
7.59558	-0.01003
7.62662	-0.01502
7.65767	-0.00858
7.69906	-0.01390
7.73010	-0.00777
7.77150	-0.01051
7.81289	-0.01051
7.84393	-0.01228
7.86463	-0.01132
7.89567	-0.01083
7.92672	-0.01212
7.94741	-0.01486
7.97846	-0.01357
7.99916	-0.01100
8.01985	-0.01341
8.03020	-0.01325
8.05090	-0.01132
8.06124	-0.01325
8.07159	-0.00842
8.09229	-0.01261
8.10264	-0.01228
8.12333	-0.01373
8.14403	-0.01245
8.16473	-0.01454
8.18542	-0.01196
8.20612	-0.01357
8.22682	-0.00794
8.25786	-0.01309
8.27856	-0.01051
8.30960	-0.00842
8.33030	-0.01148
8.36134	-0.00955
8.38204	-0.01003
8.41308	-0.01019
8.43378	-0.01438
8.46482	-0.00922
8.49587	-0.01003
8.52691	-0.00922
8.55796	-0.00632
8.58900	-0.00826
8.63040	-0.01180
8.66144	-0.01341
8.70283	-0.01164
8.73388	-0.01180
8.76492	-0.01470
8.79597	-0.01293
8.82701	-0.00729
8.85806	-0.01083
8.87875	-0.00971
8.89945	-0.01454
8.93049	-0.01212
8.95119	-0.01100
8.97189	-0.00858
8.98223	-0.00761
9.01328	-0.01309
9.03398	-0.01293
9.04432	-0.01100
9.07537	-0.01083
9.09606	-0.01551
9.12711	-0.01132
9.14781	-0.01277
9.16850	-0.01373
9.19955	-0.01196
9.23059	-0.01212
9.26164	-0.01164
9.29268	-0.01116
9.32372	-0.01486
9.34442	-0.01325
9.37547	-0.01180
9.38581	-0.01019
9.39616	-0.01373
9.40651	-0.01422
9.41686	-0.01551
9.41686	-0.01083
9.42721	-0.01019
9.42721	-0.00987
9.43755	-0.01277
9.44790	-0.00600
9.45825	-0.01180
9.45825	-0.01277
9.46860	-0.01228
9.48930	-0.01293
9.50999	-0.01293
9.53069	-0.01132
9.55139	-0.01325
9.58243	-0.01261
9.60313	-0.01261
9.62382	-0.01019
9.64452	-0.00794
9.66522	-0.01051
9.67556	-0.01325
9.69626	-0.00842
9.72730	-0.00842
9.74800	-0.00922
9.76870	-0.01228
9.79974	-0.00794
9.83079	-0.01373
9.85148	-0.01116
9.87218	-0.01325
9.89288	-0.01373
9.90322	-0.00971
9.92392	-0.00890
9.95496	-0.01390
9.97566	-0.01438
9.99636	-0.01100
10.01705	-0.01083
10.03775	-0.00906
10.05845	-0.01164
10.07914	-0.00955
10.09984	-0.01599
10.13088	-0.00938
10.16193	-0.01502
10.19297	-0.01132
10.23437	-0.01325
10.28611	-0.01035
10.32750	-0.01164
10.35854	-0.01631
10.38959	-0.01180
10.41029	-0.01196
10.44133	-0.01454
10.45168	-0.01132
10.48272	-0.00955
10.49307	-0.01341
10.50342	-0.01454
10.51377	-0.01325
10.51377	-0.00890
10.51377	-0.00971
10.51377	-0.01212
10.51377	-0.01035
10.51377	-0.01051
10.51377	-0.00938
10.51377	-0.01019
10.51377	-0.01116
10.52412	-0.00987
10.52412	-0.01035
10.54481	-0.01293
10.54481	-0.01325
10.55516	-0.01067
10.55516	-0.01003
10.59655	-0.01325
10.60690	-0.00681
10.66899	-0.01245
10.71038	-0.01470
10.74143	-0.00794
10.78282	-0.00955
10.82421	-0.01373
10.87595	-0.01180
10.96909	-0.01245
11.07257	-0.01212
11.17605	-0.01245
11.28988	-0.01164
11.38302	-0.00842
11.46580	-0.01406
11.57963	-0.01357
11.66242	-0.00987
11.75555	-0.01325
11.84868	-0.01164
11.91077	-0.01083
11.96251	-0.00938
12.00391	-0.00906
12.04530	-0.01051
12.08669	-0.01132
12.11774	-0.00938
12.14878	-0.01051
12.15913	-0.00987
12.17983	-0.00681
12.20052	-0.00987
12.21087	-0.01083
12.23157	-0.00874
12.25226	-0.01196
12.28331	-0.00810
12.32470	-0.01261
12.36609	-0.00777
12.41784	-0.00890
12.46958	-0.00938
12.51097	-0.00649
12.55236	-0.00745
12.59375	-0.00794
12.63515	-0.00745
12.66619	-0.00922
12.68689	-0.00745
12.71793	-0.01019
12.74898	-0.00326
12.76967	-0.01019
12.80072	-0.00842
12.81107	-0.00729
12.82141	-0.00842
12.84211	-0.00858
12.86281	-0.00616
12.88350	-0.00197
12.91455	-0.00230
12.96629	-0.00826
13.00768	-0.00584
13.03873	-0.00391
13.08012	-0.00471
13.11116	-0.00665
13.15256	-0.00117
13.18360	-0.00004
13.21465	-0.00181
13.26639	-0.00262
13.30778	-0.00069
13.33882	-0.00246
13.36987	-0.00278
13.40091	0.00270
13.43196	0.00044
13.48370	0.00882
13.50440	0.00383
13.54579	0.00479
13.57683	0.00737
13.60788	0.00962
13.63892	0.00930
13.68032	0.00898
13.71136	0.01027
13.74240	0.01156
13.77345	0.01945
13.80449	0.01752
13.82519	0.01462
13.85623	0.01832
13.88728	0.01897
13.91832	0.02203
13.95972	0.02042
14.01146	0.02493
14.04250	0.02219
14.09424	0.02654
14.13564	0.02928
14.18738	0.03314
14.23912	0.03363
14.28051	0.03427
14.31156	0.04152
14.34260	0.04265
14.36330	0.04571
14.38399	0.05167
14.40469	0.05328
14.43573	0.04909
14.46678	0.05715
14.48747	0.05683
14.52887	0.05683
14.54956	0.06198
14.57026	0.06456
14.61165	0.06520
14.64270	0.06101
14.67374	0.06617
14.71513	0.06875
14.74618	0.07342
14.77722	0.07374
14.82897	0.07680
14.87036	0.07906
14.92210	0.08437
14.96349	0.08099
15.01523	0.08888
15.05663	0.08921
15.10837	0.09420
15.14976	0.09484
15.19115	0.09662
15.23254	0.09823
15.28429	0.10048
15.31533	0.10322
15.36707	0.10226
15.39812	0.10129
15.43951	0.09855
15.47055	0.10290
15.51195	0.10048
15.55334	0.09613
15.59473	0.09855
15.62578	0.09823
15.65682	0.09758
15.68787	0.09791
15.71891	0.10016
15.76030	0.09468
15.80170	0.09726
15.83274	0.09420
15.86378	0.08921
15.89483	0.08421
15.93622	0.08534
15.96727	0.08695
16.00866	0.08760
16.03970	0.08196
16.08110	0.07712
16.11214	0.07906
16.15353	0.07503
16.18458	0.07616
16.21562	0.07455
16.24667	0.07277
16.27771	0.06730
16.29841	0.06343
16.31911	0.06585
16.35015	0.06037
16.37085	0.06263
16.40189	0.05763
16.43294	0.05634
16.45363	0.05650
16.48468	0.05054
16.50537	0.05006
16.52607	0.04925
16.54677	0.04732
16.55711	0.05006
16.57781	0.04313
16.59851	0.04507
16.61920	0.04265
16.63990	0.04345
16.66060	0.03814
16.68129	0.04007
16.71234	0.03653
16.73303	0.04136
16.75373	0.03395
16.77443	0.03508
16.78477	0.02960
16.80547	0.03153
16.82617	0.03379
16.84686	0.03041
16.86756	0.02815
16.88826	0.02461
16.91930	0.02831
16.94000	0.02074
16.97104	0.02573
16.99174	0.02332
17.02278	0.02171
17.05383	0.02155
17.09522	0.01929
17.12626	0.01848
17.15731	0.01655
17.17801	0.01768
17.20905	0.01365
17.22975	0.01188
17.26079	0.01446
17.30218	0.01059
17.34358	0.00592
17.38497	0.00705
17.43671	0.00705
17.47810	0.00576
17.50915	0.00560
17.55054	0.00431
17.59193	0.00221
17.62298	0.00157
17.66437	0.00189
17.69542	0.00012
17.73681	0.00093
17.76785	0.00109
17.79890	-0.00294
17.82994	-0.00407
17.86099	-0.00197
17.88168	-0.00504
17.92308	-0.00375
17.95412	-0.00842
17.98516	-0.00810
18.02656	-0.00616
18.06795	-0.00745
18.09899	-0.00423
18.13004	-0.00520
18.15074	-0.00536
18.18178	-0.00955
18.20248	-0.00810
18.23352	-0.00729
18.26457	-0.01100
18.28526	-0.00600
18.30596	-0.00971
18.33700	-0.00665
18.35770	-0.00922
18.38874	-0.00520
18.41979	-0.00649
18.45083	-0.00745
18.49223	-0.00487
18.52327	-0.00649
18.56466	-0.00906
18.60606	-0.00971
18.64745	-0.00826
18.68884	-0.00552
18.71989	-0.00632
18.76128	-0.00552
18.80267	-0.00262
18.84407	-0.01019
18.88546	-0.00632
18.93720	-0.00745
18.97859	-0.00955
19.01998	-0.00745
19.06138	-0.00826
19.10277	-0.00810
19.13381	-0.00649
19.15451	-0.00697
19.17521	-0.00487
19.19590	-0.00391
19.22695	-0.00777
19.24764	-0.00858
19.26834	-0.00487
19.28904	-0.00294
19.30973	-0.00294
19.32008	-0.00278
19.34078	-0.00649
19.35113	-0.00375
19.37182	-0.00423
19.39252	-0.00278
19.41322	-0.00794
19.44426	-0.00375
19.47531	-0.00842
19.52705	-0.00922
19.56844	-0.00794
19.59948	-0.00471
19.63053	-0.00842
19.66157	-0.01035
19.69262	-0.00745
19.73401	-0.00230
19.76505	-0.00890
19.78575	-0.00649
19.81680	-0.00713
19.83749	-0.00520
19.85819	-0.00777
19.87888	-0.00729
19.89958	-0.00552
19.92028	-0.00520
19.95132	-0.00697
19.98237	-0.00761
20.00306	-0.00359
20.04446	-0.00520
20.06515	-0.00278
20.10655	-0.00294
20.12724	-0.00471
20.15829	-0.00616
20.18933	-0.00697
20.22038	-0.00600
20.26177	-0.00616
20.29281	-0.00890
20.33421	-0.00342
20.37560	-0.00616
20.40664	-0.00890
20.43769	-0.00713
20.47908	-0.00681
20.51012	-0.00359
20.55152	-0.00777
20.59291	-0.00471
20.63430	-0.00407
20.67570	-0.00729
20.70674	-0.00504
20.74813	-0.00649
20.78953	-0.00536
20.82057	-0.00536
20.85162	-0.00729
20.87231	-0.00214
20.88266	-0.00616
20.90336	-0.00133
20.92405	-0.00230
20.94475	-0.00504
20.97579	-0.00794
21.01719	-0.00423
21.04823	-0.00375
21.07928	-0.00407
21.11032	-0.00649
21.13102	-0.00568
21.16206	-0.00471
21.18276	-0.01003
21.21380	-0.00407
21.24485	-0.00520
21.27589	-0.00665
21.30694	-0.00536
21.32763	-0.00761
21.35868	-0.00359
21.37937	-0.00794
21.40007	-0.00310
21.42077	-0.00520
21.45181	-0.00197
21.48286	-0.00230
21.51390	-0.00359
21.54494	-0.00536
21.56564	-0.00455
21.58634	-0.00906
21.61738	-0.00826
21.63808	-0.00584
21.66912	-0.00487
21.70017	-0.00520
21.74156	-0.00359
21.78295	-0.00713
21.83469	-0.00326
21.87609	-0.00117
21.92783	-0.00375
21.97957	-0.00004
22.03131	-0.00407
22.07270	-0.00874
22.12444	-0.00214
22.16584	-0.00600
22.20723	-0.00697
22.23827	-0.00407
22.26932	-0.00568
22.29001	-0.00214
22.31071	-0.00197
22.33141	-0.00262
22.34176	-0.00439
22.35210	-0.00552
22.37280	-0.00568
22.38315	-0.00713
22.39350	-0.00246
22.41419	-0.00359
22.42454	-0.00584
22.44524	-0.00600
22.47628	-0.00504
22.49698	-0.00165
22.52802	-0.00520
22.55907	-0.00777
22.59011	-0.00713
22.62116	-0.00906
22.64185	-0.00826
22.67290	-0.00777
22.70394	-0.00359
22.73499	-0.00423
22.76603	-0.00020
22.79708	-0.00455
22.83847	-0.00536
22.87986	-0.00520
22.92125	-0.00342
22.96265	-0.00455
23.00404	-0.01003
23.04543	-0.00649
23.08683	-0.00729
23.12822	-0.00536
23.15926	-0.00697
23.19031	-0.00101
23.22135	-0.00616
23.26274	-0.00391
23.29379	-0.00471
23.32483	-0.00552
23.35588	-0.00262
23.38692	-0.00568
23.41797	-0.00246
23.44901	-0.00665
23.49041	-0.00584
23.52145	-0.00342
23.55249	-0.00632
23.58354	-0.00391
23.61458	-0.00214
23.63528	-0.00165
23.66632	-0.00294
23.68702	-0.00407
23.70772	-0.00359
23.73876	-0.00246
23.76981	-0.00552
23.80085	-0.00600
23.83190	-0.00665
23.86294	-0.00520
23.89398	-0.00632
23.93538	-0.00536
23.96642	-0.00584
23.99747	-0.00278
24.03886	-0.00536
24.06990	-0.00391
24.11130	-0.00665
24.15269	-0.00681
24.18373	-0.00536
24.22513	-0.00665
24.25617	-0.00117
24.28722	-0.00471
24.32861	-0.00971
24.35965	-0.00230
24.39070	-0.00407
24.43209	-0.00826
24.46314	-0.00391
24.50453	-0.00681
24.55627	-0.00761
24.59766	-0.00439
24.64940	-0.00697
24.70114	-0.00214
24.75289	-0.00133
24.80463	-0.00165
24.86672	-0.00423
24.92880	-0.00375
24.97020	-0.00423
25.03229	-0.00616
25.07368	-0.00810
25.12542	-0.00471
25.17716	-0.00375
25.22890	-0.00616
25.27029	-0.00552
25.33238	-0.00197
25.38413	-0.00439
25.42552	-0.00649
25.47726	-0.00697
25.52900	-0.00423
25.57039	-0.00584
25.61179	-0.00600
25.65318	-0.00584
25.69457	-0.00729
25.73596	-0.00600
25.78770	-0.00359
25.82910	-0.00713
25.87049	-0.00729
25.91188	0.00109
25.94293	-0.00810
25.98432	-0.00310
26.02571	-0.00520
26.07745	-0.00310
26.11885	-0.00375
26.16024	-0.00165
26.20163	-0.00504
26.23268	-0.00455
26.27407	-0.00761
26.30511	-0.00471
26.33616	-0.00391
26.35686	-0.00504
26.38790	-0.00455
26.41894	-0.00842
26.44999	-0.00681
26.47069	-0.00439
26.50173	-0.00326
26.53277	-0.00310
26.57417	-0.00439
26.62591	-0.00536
26.66730	-0.01067
26.69835	-0.00616
26.73974	-0.00649
26.78113	-0.00890
26.81218	-0.00842
26.84322	-0.00955
26.88461	-0.00520
26.92601	-0.00455
26.96740	-0.00359
26.99844	-0.00407
27.03984	-0.00810
27.07088	-0.00439
27.10193	-0.00278
27.13297	-0.00423
27.16401	-0.00600
27.20541	-0.00552
27.23645	-0.00906
27.27784	-0.00681
27.31924	-0.00552
27.36063	-0.00278
27.40202	-0.00391
27.44342	-0.00649
27.47446	-0.00761
27.51585	-0.00600
27.54690	-0.00890
27.57794	-0.00359
27.61934	-0.00794
27.65038	-0.00407
27.70212	-0.00697
27.75386	-0.00342
27.79525	-0.00036
27.83665	-0.00326
27.87804	-0.00938
27.92978	-0.00455
27.98152	-0.00600
28.02292	-0.00777
28.07466	-0.00568
28.12640	-0.00842
28.16779	-0.00600
28.21953	-0.00681
28.27127	-0.00471
28.32301	-0.00665
28.37475	-0.00471
28.41615	-0.00713
28.45754	-0.00745
28.49893	-0.00600
28.54032	-0.00810
28.57137	-0.00616
28.60241	-0.00504
28.62311	-0.00487
28.65416	-0.00665
28.66450	-0.00616
28.68520	-0.00342
28.69555	-0.01067
28.71624	-0.00165
28.72659	-0.01003
28.74729	-0.00536
28.75764	-0.00681
28.78868	-0.00326
28.80938	-0.00810
28.84042	-0.00745
28.87147	-0.00745
28.90251	-0.00761
28.93356	-0.00455
28.96460	-0.00246
29.00599	-0.00326
29.04739	-0.00149
29.08878	-0.00214
29.13017	-0.00294
29.17156	-0.00439
29.21296	-0.00149
29.24400	-0.00777
29.27505	-0.00133
29.30609	-0.00600
29.33714	-0.00165
29.36818	-0.00729
29.38888	-0.00197
29.41992	-0.00391
29.45097	-0.00552
29.48201	-0.00294
29.51306	-0.00504
29.54410	-0.00681
29.57514	-0.00310
29.60619	-0.00342
29.63723	-0.00552
29.66828	-0.00681
29.69932	-0.00729
29.73037	-0.00407
29.75106	-0.00955
29.78211	-0.00407
29.80280	-0.00181
29.83385	-0.00310
29.85455	-0.00455
29.88559	-0.00729
29.90629	-0.00455
29.93733	-0.00745
29.95803	-0.00649
29.97872	-0.00230
30.00977	-0.00616