Black Body Radiation Experiment Wed, Sep 23, 2020 12:52 PM
Sensor Position (Degrees)	Light Intensity (Volts)
0.00000	0.00366
0.00000	-0.00133
0.00000	0.00431
0.00000	0.00076
0.00000	0.00060
0.00000	0.00044
0.00000	0.00399
0.00000	-0.00294
0.00000	0.00173
0.00000	0.00205
0.00000	0.00157
0.00000	0.00173
0.00000	0.00205
0.00000	0.00286
0.00000	-0.00294
0.00000	-0.00004
0.00000	-0.00133
0.00000	-0.00036
0.00000	-0.00020
0.00000	0.00189
0.00000	0.00028
0.00000	0.00350
0.00000	0.00205
0.00000	-0.00036
0.00000	0.00125
0.00000	-0.00036
0.00000	0.00415
0.01035	0.00125
0.01035	0.00109
0.01035	0.00028
0.01035	0.00012
0.01035	0.00028
0.01035	0.00447
0.01035	0.00366
0.01035	0.00431
0.01035	-0.00036
0.01035	0.00415
0.01035	0.00286
0.01035	0.00254
0.01035	0.00157
0.01035	-0.00181
0.01035	0.00624
0.01035	0.00076
0.01035	-0.00149
0.01035	-0.00197
0.01035	0.00318
0.01035	-0.00004
0.01035	0.00205
0.01035	0.00286
0.01035	0.00076
0.01035	-0.00020
0.01035	0.00141
0.01035	0.00076
0.01035	0.00157
0.01035	-0.00197
0.01035	0.00044
0.01035	-0.00020
0.01035	0.00318
0.01035	0.00447
0.01035	0.00334
0.01035	0.00238
0.01035	0.00544
0.01035	-0.00085
0.01035	-0.00294
0.01035	0.00044
0.01035	0.00060
0.01035	-0.00326
0.01035	0.00125
0.01035	0.00318
0.01035	-0.00004
0.01035	0.00109
0.01035	-0.00052
0.01035	0.00447
0.01035	0.00189
0.01035	0.00125
0.01035	-0.00133
0.01035	-0.00101
0.01035	0.00173
0.01035	0.00205
0.01035	0.00173
0.01035	0.00205
0.01035	0.00238
0.01035	0.00221
0.01035	0.00383
0.01035	0.00270
0.01035	0.00044
0.01035	0.00189
0.01035	0.00221
0.01035	0.00028
0.01035	0.00125
0.01035	-0.00085
0.01035	0.00302
0.01035	0.00109
0.01035	0.00076
0.01035	0.00592
0.01035	0.00093
0.01035	-0.00117
0.01035	0.00044
0.01035	0.00141
0.01035	0.00511
0.01035	0.00109
0.01035	-0.00085
0.01035	0.00463
0.01035	0.00189
0.01035	-0.00117
0.01035	-0.00133
0.01035	-0.00085
0.01035	0.00093
0.01035	0.00157
0.01035	0.00302
0.01035	0.00189
0.01035	0.00044
0.01035	0.00366
0.01035	0.00318
0.01035	0.00318
0.01035	0.00238
0.01035	0.00093
0.01035	0.00254
0.01035	0.00286
0.01035	0.00383
0.01035	0.00173
0.01035	0.00318
0.01035	0.00238
0.01035	0.00173
0.01035	0.00093
0.01035	0.00125
0.01035	-0.00165
0.01035	0.00157
0.01035	0.00189
0.01035	0.00093
0.01035	0.00141
0.01035	0.00334
0.01035	-0.00149
0.01035	0.00141
0.01035	-0.00230
0.01035	0.00221
0.01035	-0.00052
0.01035	0.00431
0.01035	0.00173
0.01035	0.00415
0.01035	-0.00020
0.01035	-0.00004
0.01035	0.00286
0.01035	0.00318
0.01035	0.00399
0.01035	0.00366
0.01035	0.00350
0.01035	0.00399
0.01035	0.00189
0.01035	-0.00197
0.01035	0.00076
0.01035	0.00173
0.01035	-0.00101
0.01035	0.00350
0.01035	-0.00375
0.01035	0.00221
0.01035	-0.00407
0.01035	0.00125
0.01035	0.00093
0.01035	0.00238
0.01035	-0.00036
0.01035	0.00060
0.01035	0.00093
0.01035	0.00189
0.01035	-0.00101
0.01035	-0.00536
0.01035	0.00044
0.01035	-0.00036
0.01035	0.00093
0.01035	0.00270
0.01035	-0.00004
0.01035	0.00125
0.01035	0.00141
0.01035	0.00125
0.01035	0.00044
0.01035	0.00109
0.01035	0.00254
0.01035	0.00173
0.01035	-0.00165
0.00000	0.00318
0.00000	-0.00069
0.00000	0.00350
0.00000	0.00383
0.00000	0.00286
0.00000	0.00076
0.00000	0.00125
0.00000	0.00028
0.00000	0.00318
0.00000	-0.00052
0.00000	0.00254
0.00000	0.00415
0.00000	0.00560
0.00000	0.00270
0.00000	-0.00052
0.00000	0.00383
0.00000	0.00383
0.00000	0.00415
0.00000	0.00527
0.00000	0.00383
0.00000	0.00415
0.00000	0.00383
0.00000	0.00286
0.00000	0.00318
0.00000	0.00254
0.00000	-0.00101
0.00000	0.00189
0.01035	0.00060
0.01035	0.00302
0.01035	-0.00004
0.01035	0.00431
0.01035	0.00302
0.01035	0.00221
0.01035	0.00157
0.01035	0.00608
0.01035	0.00350
0.01035	0.00125
0.01035	0.00109
0.01035	-0.00036
0.02070	-0.00181
0.02070	-0.00036
0.02070	0.00060
0.02070	0.00254
0.02070	0.00141
0.02070	0.00012
0.02070	0.00028
0.02070	0.00383
0.02070	0.00479
0.02070	-0.00004
0.02070	0.00028
0.02070	0.00801
0.02070	0.00399
0.02070	0.00141
0.02070	-0.00278
0.02070	-0.00165
0.02070	0.00302
0.02070	0.00318
0.02070	0.00189
0.02070	0.00028
0.02070	0.00141
0.02070	0.00511
0.02070	0.00383
0.02070	-0.00036
0.02070	0.00527
0.02070	0.00189
0.02070	0.00479
0.02070	0.00254
0.02070	0.00431
0.02070	0.00656
0.02070	-0.00004
0.02070	0.00125
0.02070	0.00270
0.02070	0.00157
0.02070	0.00028
0.02070	-0.00004
0.02070	0.00109
0.02070	0.00383
0.02070	0.00318
0.02070	-0.00230
0.03104	0.00431
0.04139	-0.00036
0.05174	0.00286
0.06209	0.00173
0.07244	0.00431
0.08279	0.00270
0.09313	0.00318
0.10348	-0.00197
0.11383	0.00495
0.13453	0.00431
0.15522	0.00012
0.17592	-0.00149
0.19662	0.00527
0.21731	0.00093
0.24836	0.00495
0.28975	0.00221
0.33114	0.00189
0.37254	0.00221
0.41393	0.00447
0.45532	0.00350
0.49671	-0.00101
0.52776	0.00511
0.55880	0.00592
0.58985	0.00205
0.62089	-0.00117
0.65194	0.00302
0.69333	0.00141
0.72437	0.00189
0.76577	0.00415
0.80716	0.00254
0.85890	0.00801
0.91064	0.00350
0.96238	0.00721
1.01412	0.00302
1.06586	0.00238
1.11761	0.00286
1.17969	0.00334
1.23144	-0.00117
1.28318	0.00044
1.34527	0.00238
1.39701	0.00576
1.44875	0.00495
1.50049	0.00560
1.55223	0.00431
1.60397	0.00173
1.64536	0.00189
1.69710	0.00205
1.74885	0.00350
1.80059	0.00334
1.85233	0.00656
1.89372	0.00238
1.94546	0.00527
1.99720	0.00334
2.04894	0.00705
2.10068	0.00479
2.15242	0.00511
2.21451	0.00399
2.26625	0.00366
2.31800	0.00560
2.36974	0.00205
2.41113	0.00399
2.45252	0.00141
2.48357	0.00012
2.51461	0.00366
2.53531	0.00221
2.56635	0.00286
2.58705	0.00431
2.61809	0.00076
2.65949	0.00689
2.70088	0.00125
2.74227	0.00544
2.78366	0.00399
2.83541	0.00850
2.88715	0.00302
2.92854	0.00608
2.99063	0.00576
3.05272	0.00463
3.10446	0.00415
3.16655	0.00431
3.24933	0.00383
3.31142	0.00608
3.38386	0.00689
3.44595	0.00463
3.50804	0.00656
3.59082	0.00318
3.65291	0.00447
3.72535	0.00495
3.77709	0.00785
3.84953	0.00495
3.91162	0.00527
3.98406	0.00350
4.04614	0.00672
4.12893	0.00109
4.20137	0.00479
4.28415	0.00447
4.35659	0.00415
4.42903	0.00721
4.49112	0.00286
4.56355	0.00431
4.63599	0.00270
4.70843	0.00109
4.77052	0.00189
4.83261	0.00608
4.89470	0.00479
4.95679	0.00318
5.01888	0.00463
5.07062	0.00576
5.14305	0.00479
5.19479	-0.00133
5.26723	0.00527
5.35002	0.00302
5.41211	0.00769
5.48454	0.00141
5.55698	0.00221
5.62942	0.00189
5.69151	0.00447
5.76395	0.00318
5.83638	0.00157
5.89847	0.00624
5.97091	0.00479
6.01230	0.00383
6.06404	0.00656
6.09509	0.00334
6.14683	0.00141
6.18822	0.00366
6.22961	0.00366
6.26066	0.00495
6.28136	0.00318
6.31240	0.00560
6.35379	0.00463
6.38484	0.00479
6.42623	0.00318
6.46762	0.00415
6.51936	0.00447
6.57110	0.00689
6.62285	0.00399
6.68493	0.00495
6.75737	0.00560
6.80911	0.00286
6.87120	0.00560
6.92294	0.00656
6.99538	0.00093
7.05747	0.00447
7.14026	0.00785
7.20234	0.00479
7.25409	0.00866
7.31617	0.00318
7.39896	0.01011
7.47140	0.00286
7.56453	0.00576
7.61627	0.00769
7.67836	0.00656
7.73010	0.00238
7.79219	0.00479
7.84393	0.00850
7.89567	0.00286
7.93707	0.00656
7.99916	0.00479
8.07159	0.00350
8.14403	0.00576
8.21647	0.00866
8.28891	0.00286
8.36134	0.00399
8.44413	0.00624
8.52691	0.00801
8.60970	0.00640
8.68214	0.00350
8.76492	0.00592
8.83736	0.00817
8.92015	0.00286
9.00293	0.00511
9.08572	0.00930
9.15815	0.00527
9.23059	0.00608
9.30303	0.00834
9.37547	0.00383
9.42721	0.00785
9.48930	0.00592
9.54104	0.00914
9.60313	0.00705
9.65487	0.00914
9.70661	0.00850
9.75835	0.00834
9.79974	0.00511
9.83079	0.00544
9.88253	0.01091
9.92392	0.00785
9.96531	0.01059
10.00671	0.00544
10.03775	0.00608
10.08949	0.00608
10.15158	0.01301
10.19297	0.01220
10.26541	0.01220
10.32750	0.01107
10.35854	0.00946
10.41029	0.01140
10.46203	0.00656
10.52412	0.00817
10.59655	0.00769
10.67934	0.01220
10.74143	0.01252
10.80352	0.01252
10.86561	0.01140
10.90700	0.00979
10.95874	0.01269
11.02083	0.01285
11.08292	0.01607
11.14501	0.01220
11.22779	0.01478
11.28988	0.01430
11.36232	0.01317
11.42441	0.01768
11.49685	0.01446
11.58998	0.01736
11.67277	0.01752
11.74520	0.01816
11.81764	0.01671
11.91077	0.01816
11.98321	0.02525
12.06600	0.02219
12.16948	0.02783
12.24192	0.02622
12.31435	0.02928
12.37644	0.02815
12.46958	0.02412
12.53167	0.03443
12.59375	0.03572
12.68689	0.03927
12.75933	0.03878
12.86281	0.04458
12.93525	0.04507
13.02838	0.05215
13.10082	0.05795
13.21465	0.06456
13.33882	0.06955
13.44231	0.08453
13.56649	0.09211
13.68032	0.10532
13.78380	0.11450
13.86658	0.12706
13.97006	0.14156
14.07355	0.15638
14.16668	0.17523
14.27016	0.18522
14.34260	0.20310
14.41504	0.21390
14.48747	0.22791
14.58061	0.24144
14.66339	0.25465
14.74618	0.26110
14.82897	0.27109
14.92210	0.27946
15.00488	0.28172
15.05663	0.28736
15.14976	0.28591
15.22220	0.28945
15.28429	0.28430
15.35672	0.28220
15.41881	0.27737
15.49125	0.27237
15.56369	0.26512
15.62578	0.25804
15.68787	0.25723
15.74995	0.25014
15.81204	0.23838
15.87413	0.23081
15.93622	0.22034
15.98796	0.21100
16.03970	0.20165
16.09144	0.19295
16.14319	0.18361
16.19493	0.17797
16.24667	0.17088
16.29841	0.16138
16.36050	0.15316
16.42259	0.14656
16.48468	0.13770
16.54677	0.12948
16.60885	0.12304
16.67094	0.11450
16.73303	0.10741
16.78477	0.09646
16.85721	0.08969
16.91930	0.08357
16.98139	0.07777
17.05383	0.06681
17.11592	0.06778
17.17801	0.05876
17.25044	0.05924
17.32288	0.04861
17.38497	0.04233
17.45741	0.04684
17.51950	0.04056
17.58159	0.03250
17.65402	0.03331
17.70576	0.02622
17.76785	0.02783
17.82994	0.02654
17.90238	0.02316
17.95412	0.02026
17.99551	0.01703
18.05760	0.01720
18.10934	0.01655
18.17143	0.01430
18.23352	0.01269
18.29561	0.01639
18.34735	0.01188
18.39909	0.01526
18.45083	0.01575
18.51292	0.01285
18.59571	0.01381
18.65780	0.01365
18.75093	0.01236
18.82337	0.01236
18.88546	0.01301
18.91650	0.01027
18.97859	0.00882
19.04068	0.01317
19.10277	0.01075
19.15451	0.00769
19.21660	0.01349
19.28904	0.01252
19.36147	0.00995
19.43391	0.00898
19.50635	0.00705
19.58914	0.00624
19.67192	0.01140
19.74436	0.00930
19.80645	0.01156
19.87888	0.01333
19.95132	0.01043
20.02376	0.01365
20.09620	0.01252
20.15829	0.01107
20.22038	0.00930
20.29281	0.00834
20.34455	0.01252
20.41699	0.01333
20.47908	0.00930
20.54117	0.01397
20.60326	0.01140
20.67570	0.01059
20.74813	0.01011
20.81022	0.01075
20.89301	0.01333
20.95510	0.01414
21.03788	0.01091
21.11032	0.01075
21.17241	0.00737
21.24485	0.01156
21.31728	0.00946
21.38972	0.01011
21.46216	0.01510
21.54494	0.01220
21.61738	0.01075
21.68982	0.00834
21.77260	0.01220
21.84504	0.01124
21.91748	0.01011
21.98992	0.00769
22.06235	0.00785
22.12444	0.01124
22.19688	0.00946
22.25897	0.01333
22.33141	0.01204
22.39350	0.01027
22.45559	0.01317
22.50733	0.01913
22.55907	0.00689
22.61081	0.00624
22.65220	0.01333
22.69359	0.01059
22.73499	0.01027
22.77638	0.01107
22.81777	0.01430
22.86951	0.01124
22.91091	0.01091
22.94195	0.01075
22.98334	0.00882
23.02474	0.00882
23.06613	0.00882
23.09717	0.01107
23.14891	0.01478
23.20066	0.01365
23.25240	0.01043
23.29379	0.01188
23.34553	0.01027
23.39727	0.01381
23.44901	0.00914
23.49041	0.00962
23.53180	0.01317
23.57319	0.01269
23.61458	0.00834
23.65598	0.01252
23.69737	0.00850
23.74911	0.01269
23.80085	0.01188
23.85259	0.01365
23.90433	0.01269
23.94573	0.01204
23.99747	0.01301
24.04921	0.01333
24.10095	0.01043
24.14234	0.01188
24.19408	0.01236
24.24582	0.01091
24.29756	0.01220
24.34931	0.01011
24.40105	0.01091
24.43209	0.01188
24.48383	0.00898
24.52522	0.00801
24.57697	0.01365
24.61836	0.01333
24.67010	0.01011
24.72184	0.01124
24.76323	0.00979
24.82532	0.01091
24.87706	0.00866
24.93915	0.01011
24.99089	0.01333
25.05298	0.00914
25.11507	0.01301
25.17716	0.00882
25.22890	0.00801
25.30134	0.01188
25.37378	0.00898
25.43587	0.01301
25.49796	0.01124
25.56004	0.01430
25.63248	0.01478
25.70492	0.01285
25.77736	0.01043
25.83945	0.00866
25.90153	0.01107
25.96362	0.01075
26.02571	0.01317
26.09815	0.01285
26.16024	0.00995
26.22233	0.01333
26.28442	0.01285
26.33616	0.01011
26.38790	0.01059
26.44999	0.00995
26.51208	0.00560
26.57417	0.00785
26.62591	0.01043
26.68800	0.01075
26.73974	0.00753
26.78113	0.01252
26.82252	0.01236
26.86392	0.01478
26.89496	0.01526
26.93635	0.01091
26.96740	0.01301
27.00879	0.01204
27.03984	0.01269
27.08123	0.01124
27.11227	0.01301
27.14332	0.01011
27.18471	0.01220
27.22610	0.01091
27.26750	0.01430
27.32959	0.01349
27.39168	0.01397
27.45376	0.01075
27.53655	0.01220
27.61934	0.00721
27.70212	0.01059
27.80560	0.01462
27.88839	0.01011
27.96083	0.01156
28.04361	0.01059
28.11605	0.01333
28.18849	0.01220
28.26092	0.01446
28.31266	0.01381
28.37475	0.01397
28.43684	0.01446
28.49893	0.01140
28.55067	0.01478
28.61276	0.01317
28.66450	0.01317
28.70590	0.01381
28.74729	0.01269
28.80938	0.01188
28.87147	0.01172
28.93356	0.01075
29.00599	0.01285
29.06808	0.00576
29.11982	0.01333
29.17156	0.01059
29.21296	0.00866
29.27505	0.01011
29.32679	0.00705
29.36818	0.01575
29.43027	0.01349
29.48201	0.01220
29.54410	0.00979
29.60619	0.01124
29.66828	0.01317
29.73037	0.01397
29.80280	0.01220
29.86489	0.01494
29.92698	0.01720
29.98907	0.01301
30.05116	0.01365