Black Body Radiation Experiment Wed, Sep 23, 2020 11:24 AM
Sensor Position (Degrees)	Light Intensity (Volts)
0.00000	-0.02904
0.00000	-0.02888
0.00000	-0.03001
0.00000	-0.03226
0.00000	-0.02791
0.00000	-0.02920
0.00000	-0.02872
0.00000	-0.02968
0.00000	-0.03210
0.00000	-0.03242
0.00000	-0.02920
0.00000	-0.03146
0.00000	-0.03081
0.00000	-0.03097
0.00000	-0.02598
0.00000	-0.02823
0.00000	-0.02743
0.00000	-0.02823
0.00000	-0.03387
0.00000	-0.03500
0.00000	-0.02888
0.00000	-0.03146
0.00000	-0.02904
0.00000	-0.02856
0.00000	-0.03129
0.00000	-0.03436
0.00000	-0.03113
0.00000	-0.03500
0.00000	-0.03355
0.00000	-0.03001
0.00000	-0.03468
0.00000	-0.03355
0.00000	-0.03339
0.00000	-0.02872
0.00000	-0.03291
0.00000	-0.03403
0.00000	-0.02952
0.00000	-0.03001
0.00000	-0.03001
0.00000	-0.03113
0.00000	-0.02968
0.00000	-0.02775
0.00000	-0.03162
0.00000	-0.03146
0.00000	-0.03403
0.00000	-0.03033
0.00000	-0.03307
0.00000	-0.03371
0.00000	-0.03162
0.00000	-0.03291
0.00000	-0.02743
0.00000	-0.03210
0.00000	-0.03242
0.00000	-0.03178
0.00000	-0.03113
0.00000	-0.03274
0.00000	-0.03419
0.00000	-0.03178
0.00000	-0.03178
0.00000	-0.03580
0.00000	-0.02630
0.00000	-0.02952
0.00000	-0.03081
0.00000	-0.03226
0.00000	-0.03226
0.00000	-0.03210
0.00000	-0.03194
0.00000	-0.03065
0.00000	-0.02936
0.00000	-0.03049
0.00000	-0.02839
0.00000	-0.03226
0.00000	-0.03113
0.00000	-0.03113
0.00000	-0.03307
0.00000	-0.03371
0.00000	-0.02839
0.00000	-0.03065
0.00000	-0.02968
0.00000	-0.03178
0.00000	-0.03162
0.00000	-0.03001
0.00000	-0.03291
0.00000	-0.02807
0.00000	-0.03532
0.00000	-0.03516
0.00000	-0.02984
0.00000	-0.03307
0.00000	-0.03629
0.00000	-0.03033
0.00000	-0.03049
0.00000	-0.03436
0.00000	-0.03129
0.00000	-0.03049
0.00000	-0.03291
0.00000	-0.03210
0.00000	-0.03564
0.00000	-0.02872
0.00000	-0.02904
0.00000	-0.03484
0.00000	-0.03097
0.00000	-0.02968
0.00000	-0.03452
0.00000	-0.03323
0.00000	-0.03387
0.00000	-0.03436
0.00000	-0.03065
0.00000	-0.03500
0.00000	-0.03001
0.00000	-0.03162
0.00000	-0.02904
0.00000	-0.03339
0.00000	-0.03291
0.00000	-0.03387
0.00000	-0.03355
0.00000	-0.02872
0.00000	-0.03097
0.00000	-0.03613
0.00000	-0.03387
0.00000	-0.03307
0.00000	-0.03468
0.00000	-0.02968
0.00000	-0.03419
0.00000	-0.03258
0.00000	-0.03033
0.00000	-0.03242
0.00000	-0.03097
0.00000	-0.03258
0.00000	-0.03548
0.00000	-0.03307
0.00000	-0.03339
0.00000	-0.03129
0.00000	-0.02904
0.00000	-0.03033
0.00000	-0.03081
0.00000	-0.03371
0.00000	-0.03403
0.00000	-0.03500
0.00000	-0.03548
0.00000	-0.03484
0.00000	-0.03017
0.00000	-0.02904
0.00000	-0.03258
0.00000	-0.03387
0.00000	-0.03081
0.00000	-0.03242
0.00000	-0.03146
0.00000	-0.03597
0.00000	-0.03049
0.00000	-0.03419
0.00000	-0.03452
0.00000	-0.03339
0.00000	-0.02694
0.00000	-0.03065
0.00000	-0.03242
0.00000	-0.03162
0.00000	-0.02791
0.00000	-0.03178
0.00000	-0.03419
0.00000	-0.03468
0.00000	-0.03129
0.00000	-0.03162
0.00000	-0.03629
0.00000	-0.03210
0.00000	-0.03436
0.00000	-0.03468
0.00000	-0.03242
0.00000	-0.03113
0.00000	-0.03355
0.00000	-0.03097
0.00000	-0.03210
0.00000	-0.03436
0.00000	-0.03693
0.00000	-0.03242
0.00000	-0.03097
0.00000	-0.03307
0.00000	-0.03113
0.00000	-0.03500
0.00000	-0.03242
0.00000	-0.03033
0.00000	-0.03178
0.00000	-0.03146
0.00000	-0.03274
0.00000	-0.03919
0.00000	-0.03065
0.00000	-0.03307
0.00000	-0.03661
0.00000	-0.03484
0.00000	-0.03548
0.00000	-0.03355
0.00000	-0.03081
0.00000	-0.03081
0.00000	-0.03242
0.00000	-0.03323
0.00000	-0.03725
0.00000	-0.03323
0.00000	-0.03339
0.00000	-0.03403
0.00000	-0.03339
0.00000	-0.03129
0.00000	-0.03242
0.00000	-0.03162
0.00000	-0.03661
0.00000	-0.03129
0.00000	-0.03516
0.00000	-0.03548
0.00000	-0.03210
0.00000	-0.03532
0.00000	-0.03049
0.00000	-0.03097
0.00000	-0.03323
0.00000	-0.03194
0.00000	-0.03210
0.00000	-0.03065
0.00000	-0.03291
0.00000	-0.02920
0.00000	-0.02936
0.00000	-0.03178
0.00000	-0.02759
0.00000	-0.03548
0.00000	-0.03226
0.00000	-0.03452
0.00000	-0.03371
0.00000	-0.03339
0.00000	-0.03226
0.00000	-0.03387
0.00000	-0.03274
0.00000	-0.03274
0.00000	-0.03258
0.00000	-0.03194
0.00000	-0.03291
0.00000	-0.03339
0.00000	-0.03452
0.00000	-0.03661
0.00000	-0.03323
0.00000	-0.03210
0.00000	-0.03355
0.00000	-0.02984
0.00000	-0.03178
0.00000	-0.03822
0.00000	-0.03436
0.00000	-0.03291
0.00000	-0.03371
0.00000	-0.03452
0.00000	-0.03468
0.00000	-0.03436
0.00000	-0.03532
0.00000	-0.03323
0.00000	-0.03468
0.00000	-0.03339
0.00000	-0.03355
0.00000	-0.03419
0.01035	-0.03645
0.01035	-0.03419
0.01035	-0.03307
0.01035	-0.03387
0.01035	-0.03452
0.01035	-0.03580
0.01035	-0.03001
0.01035	-0.03162
0.01035	-0.03564
0.01035	-0.03468
0.01035	-0.03452
0.01035	-0.02952
0.01035	-0.03258
0.01035	-0.03162
0.01035	-0.02984
0.01035	-0.03339
0.01035	-0.03403
0.01035	-0.03822
0.01035	-0.03516
0.01035	-0.03419
0.02070	-0.03129
0.04139	-0.03194
0.08279	-0.03436
0.13453	-0.03017
0.16557	-0.03307
0.19662	-0.03162
0.22766	-0.03436
0.24836	-0.03162
0.28975	-0.03210
0.32079	-0.03564
0.37254	-0.03113
0.41393	-0.03371
0.46567	-0.03129
0.50706	-0.03081
0.56915	-0.03049
0.61054	-0.03387
0.64159	-0.03629
0.67263	-0.03162
0.70368	-0.03693
0.73472	-0.03500
0.77611	-0.03097
0.81751	-0.03403
0.86925	-0.03307
0.92099	-0.03146
0.98308	-0.03693
1.03482	-0.03291
1.08656	-0.03307
1.13830	-0.03387
1.17969	-0.03178
1.21074	-0.03516
1.24178	-0.03484
1.27283	-0.03307
1.31422	-0.03387
1.36596	-0.03790
1.41770	-0.03419
1.47979	-0.03564
1.53153	-0.03387
1.58327	-0.03532
1.62467	-0.03274
1.64536	-0.03226
1.67641	-0.03162
1.70745	-0.03194
1.72815	-0.03339
1.75919	-0.03033
1.76954	-0.03645
1.79024	-0.02952
1.80059	-0.03097
1.83163	-0.03516
1.86268	-0.03113
1.89372	-0.03194
1.92476	-0.03242
1.95581	-0.03049
1.98685	-0.03355
2.02825	-0.03210
2.05929	-0.03178
2.09034	-0.03339
2.13173	-0.03226
2.17312	-0.03613
2.21451	-0.03274
2.26625	-0.03113
2.30765	-0.03629
2.34904	-0.03725
2.39043	-0.03049
2.43183	-0.03226
2.46287	-0.03371
2.50426	-0.03129
2.53531	-0.03677
2.58705	-0.03226
2.62844	-0.03371
2.68018	-0.03597
2.73192	-0.03500
2.78366	-0.03693
2.83541	-0.03613
2.88715	-0.03677
2.94924	-0.03468
3.00098	-0.03355
3.05272	-0.03194
3.11481	-0.03258
3.17690	-0.03146
3.22864	-0.03403
3.28038	-0.03017
3.34247	-0.03452
3.40456	-0.02968
3.47699	-0.02984
3.54943	-0.03307
3.63222	-0.03049
3.71500	-0.03194
3.77709	-0.02984
3.84953	-0.02920
3.92197	-0.03146
3.98406	-0.03597
4.04614	-0.03484
4.10823	-0.03226
4.17032	-0.02920
4.22206	-0.03355
4.27380	-0.03403
4.30485	-0.02968
4.33589	-0.02904
4.36694	-0.03693
4.39798	-0.03613
4.41868	-0.03162
4.43938	-0.03725
4.46007	-0.03017
4.49112	-0.03452
4.52216	-0.02984
4.57390	-0.03146
4.60495	-0.03307
4.63599	-0.03339
4.67738	-0.03371
4.71878	-0.03452
4.76017	-0.03500
4.80156	-0.03242
4.84296	-0.03242
4.87400	-0.03613
4.89470	-0.03274
4.93609	-0.03242
4.97748	-0.03065
5.02922	-0.03307
5.08096	-0.02662
5.13271	-0.03291
5.18445	-0.03452
5.22584	-0.02807
5.27758	-0.03065
5.33967	-0.03210
5.40176	-0.03081
5.46385	-0.03194
5.51559	-0.03113
5.56733	-0.03387
5.61907	-0.03371
5.68116	-0.03242
5.73290	-0.03178
5.79499	-0.03113
5.85708	-0.02968
5.90882	-0.03146
5.97091	-0.03162
6.03300	-0.03001
6.08474	-0.02662
6.13648	-0.03323
6.17787	-0.03355
6.21927	-0.03436
6.27101	-0.03065
6.32275	-0.02775
6.36414	-0.03129
6.41588	-0.03371
6.46762	-0.03371
6.51936	-0.03436
6.56076	-0.03226
6.62285	-0.03001
6.68493	-0.03387
6.73668	-0.03564
6.81946	-0.03162
6.88155	-0.03580
6.95399	-0.03323
7.01608	-0.03210
7.07817	-0.03419
7.14026	-0.03339
7.20234	-0.03001
7.26443	-0.03065
7.32652	-0.03162
7.37826	-0.02984
7.44035	-0.03452
7.50244	-0.03178
7.55418	-0.02856
7.60592	-0.03001
7.65767	-0.03339
7.70941	-0.03274
7.76115	-0.03033
7.80254	-0.02952
7.84393	-0.03113
7.89567	-0.03194
7.93707	-0.02839
7.98881	-0.03339
8.03020	-0.03468
8.07159	-0.03484
8.10264	-0.03017
8.13368	-0.02968
8.17507	-0.02968
8.20612	-0.03081
8.23716	-0.03129
8.27856	-0.03049
8.33030	-0.02936
8.38204	-0.03661
8.43378	-0.03162
8.49587	-0.03323
8.55796	-0.02968
8.63040	-0.03226
8.69248	-0.03452
8.77527	-0.03033
8.83736	-0.03274
8.90980	-0.02936
8.98223	-0.02968
9.05467	-0.03194
9.11676	-0.03146
9.18920	-0.02920
9.25129	-0.02936
9.32372	-0.03178
9.38581	-0.03291
9.44790	-0.03097
9.50999	-0.02936
9.58243	-0.03226
9.65487	-0.03146
9.71696	-0.02549
9.78939	-0.02711
9.88253	-0.03419
9.94462	-0.03162
10.00671	-0.03178
10.05845	-0.03226
10.12054	-0.03258
10.17228	-0.02839
10.22402	-0.02856
10.27576	-0.03226
10.31715	-0.03403
10.37924	-0.02839
10.42063	-0.02968
10.47237	-0.02807
10.51377	-0.03049
10.55516	-0.03097
10.58620	-0.03274
10.62760	-0.02759
10.65864	-0.03033
10.71038	-0.02936
10.75178	-0.02678
10.80352	-0.03081
10.84491	-0.03017
10.88630	-0.03146
10.91735	-0.02968
10.95874	-0.03258
10.98978	-0.02968
11.03118	-0.02920
11.06222	-0.03097
11.09327	-0.02936
11.13466	-0.03129
11.16570	-0.03081
11.19675	-0.02727
11.23814	-0.03242
11.27953	-0.03017
11.31058	-0.03162
11.35197	-0.02115
11.38302	-0.02775
11.43476	-0.03323
11.45545	-0.02759
11.48650	-0.03001
11.51754	-0.02904
11.53824	-0.03081
11.56928	-0.02711
11.58998	-0.03001
11.61068	-0.02968
11.63137	-0.02566
11.63137	-0.03291
11.64172	-0.02952
11.64172	-0.02791
11.65207	-0.02936
11.65207	-0.02743
11.66242	-0.02920
11.67277	-0.02936
11.68311	-0.02952
11.69346	-0.02823
11.70381	-0.03146
11.70381	-0.03097
11.71416	-0.02920
11.72451	-0.03001
11.73485	-0.02727
11.75555	-0.02678
11.78660	-0.02904
11.81764	-0.03323
11.85903	-0.03178
11.91077	-0.02888
11.96251	-0.02807
12.02460	-0.03081
12.06600	-0.02743
12.11774	-0.02388
12.14878	-0.02566
12.19018	-0.02936
12.22122	-0.02743
12.25226	-0.02533
12.27296	-0.02501
12.30401	-0.02485
12.33505	-0.02856
12.37644	-0.02807
12.41784	-0.02614
12.44888	-0.02437
12.47992	-0.02243
12.51097	-0.02437
12.55236	-0.02469
12.58341	-0.02292
12.63515	-0.02034
12.68689	-0.01873
12.75933	-0.01776
12.84211	-0.01937
12.90420	-0.02227
12.94559	-0.02066
12.97664	-0.02179
13.01803	-0.01921
13.04908	-0.01502
13.08012	-0.01373
13.12151	-0.01309
13.15256	-0.01132
13.17325	-0.00874
13.20430	-0.00922
13.23534	-0.00681
13.25604	-0.00600
13.28708	-0.00697
13.29743	-0.00842
13.31813	-0.01148
13.32848	-0.00713
13.33882	-0.00616
13.35952	-0.00471
13.38022	-0.00262
13.41126	-0.00149
13.45265	-0.00036
13.48370	-0.00117
13.49405	0.00012
13.51474	-0.00214
13.52509	0.00624
13.54579	0.00447
13.56649	0.00544
13.58718	0.00511
13.59753	0.00979
13.61823	0.00721
13.64927	0.01059
13.65962	0.01075
13.70101	0.00914
13.72171	0.01559
13.76310	0.01494
13.82519	0.01526
13.84589	0.01671
13.87693	0.01687
13.88728	0.02316
13.89763	0.02638
13.91832	0.02445
13.93902	0.02541
13.94937	0.02606
13.95972	0.03572
13.97006	0.03234
13.99076	0.03508
14.01146	0.03604
14.02181	0.03653
14.04250	0.03556
14.07355	0.04056
14.10459	0.04007
14.14598	0.04362
14.18738	0.04426
14.23912	0.05135
14.28051	0.05167
14.33225	0.06101
14.37364	0.05715
14.43573	0.06343
14.46678	0.06408
14.49782	0.06826
14.53922	0.07600
14.58061	0.08099
14.63235	0.08711
14.67374	0.08615
14.69444	0.09017
14.71513	0.09227
14.74618	0.09517
14.76688	0.09984
14.80827	0.10209
14.83931	0.10274
14.86001	0.10290
14.88071	0.10338
14.89105	0.10596
14.91175	0.10596
14.93245	0.11128
14.94280	0.11289
14.97384	0.11257
14.99454	0.11530
15.02558	0.11112
15.05663	0.11740
15.07732	0.11563
15.08767	0.11385
15.10837	0.11611
15.12906	0.11724
15.16011	0.11643
15.18080	0.11820
15.21185	0.11450
15.23254	0.11982
15.26359	0.11804
15.28429	0.11756
15.32568	0.11837
15.35672	0.11643
15.38777	0.11402
15.41881	0.11547
15.44986	0.11595
15.47055	0.11079
15.49125	0.11063
15.52229	0.11305
15.55334	0.11015
15.58438	0.10773
15.60508	0.11240
15.63612	0.10870
15.66717	0.10612
15.68787	0.10516
15.70856	0.10209
15.72926	0.10097
15.76030	0.09855
15.78100	0.09887
15.81204	0.09436
15.84309	0.09726
15.87413	0.09356
15.91553	0.08953
15.94657	0.08969
15.98796	0.08582
16.00866	0.08453
16.03970	0.08244
16.06040	0.07616
16.09144	0.07729
16.13284	0.07358
16.16388	0.07149
16.18458	0.06778
16.21562	0.06472
16.23632	0.06424
16.26736	0.06343
16.29841	0.05989
16.32945	0.06085
16.35015	0.05683
16.37085	0.05264
16.39154	0.05425
16.41224	0.04925
16.44328	0.04619
16.46398	0.04571
16.49502	0.03991
16.51572	0.04571
16.53642	0.04217
16.54677	0.03492
16.57781	0.03782
16.59851	0.03089
16.62955	0.03186
16.65025	0.03137
16.67094	0.02799
16.68129	0.02702
16.69164	0.02590
16.71234	0.02541
16.72268	0.02187
16.74338	0.02396
16.75373	0.02606
16.76408	0.01784
16.77443	0.01800
16.78477	0.01881
16.80547	0.01124
16.82617	0.01655
16.84686	0.01462
16.87791	0.01124
16.89860	0.00850
16.91930	0.00753
16.94000	0.00511
16.95035	0.00511
16.97104	0.00560
16.99174	0.00189
17.00209	0.00334
17.02278	-0.00117
17.04348	-0.00149
17.06418	-0.00342
17.08487	-0.00342
17.11592	-0.00471
17.12626	-0.00439
17.14696	-0.00665
17.15731	-0.00761
17.16766	-0.01406
17.18835	-0.00713
17.21940	-0.01003
17.24009	-0.00794
17.26079	-0.00922
17.28149	-0.00890
17.30218	-0.01180
17.33323	-0.01261
17.34358	-0.01470
17.36427	-0.01454
17.38497	-0.01567
17.40567	-0.01390
17.42636	-0.01567
17.45741	-0.01986
17.47810	-0.01663
17.49880	-0.01808
17.51950	-0.01583
17.54019	-0.01696
17.56089	-0.02066
17.57124	-0.02227
17.59193	-0.02179
17.61263	-0.01841
17.63333	-0.02179
17.66437	-0.02453
17.68507	-0.02211
17.70576	-0.02340
17.72646	-0.02388
17.74716	-0.02340
17.75750	-0.02437
17.77820	-0.02936
17.80925	-0.02791
17.84029	-0.02292
17.87133	-0.02598
17.89203	-0.02340
17.91273	-0.02566
17.93342	-0.02904
17.96447	-0.02421
17.99551	-0.02404
18.03691	-0.02566
18.05760	-0.02759
18.07830	-0.02614
18.09899	-0.02936
18.11969	-0.02904
18.14039	-0.02936
18.17143	-0.02839
18.20248	-0.03194
18.22317	-0.02807
18.25422	-0.03226
18.28526	-0.03129
18.31631	-0.03210
18.34735	-0.02920
18.37840	-0.02984
18.39909	-0.03436
18.43014	-0.03033
18.46118	-0.03065
18.49223	-0.03049
18.52327	-0.03307
18.55432	-0.03162
18.58536	-0.03194
18.61640	-0.03146
18.64745	-0.03307
18.68884	-0.03113
18.71989	-0.03065
18.75093	-0.03661
18.77163	-0.02904
18.80267	-0.03242
18.83372	-0.03291
18.86476	-0.02823
18.90615	-0.03371
18.94755	-0.03258
18.98894	-0.03097
19.04068	-0.03387
19.10277	-0.03226
19.17521	-0.03564
19.23730	-0.03307
19.29939	-0.03387
19.36147	-0.03419
19.42356	-0.03194
19.48565	-0.03484
19.54774	-0.03323
19.59948	-0.03113
19.66157	-0.03242
19.71331	-0.03274
19.76505	-0.03419
19.81680	-0.03613
19.87888	-0.03387
19.94097	-0.03355
20.01341	-0.03323
20.08585	-0.03452
20.15829	-0.02775
20.23072	-0.03065
20.30316	-0.03339
20.38595	-0.03436
20.44804	-0.03178
20.51012	-0.03178
20.57221	-0.03387
20.62395	-0.03774
20.68604	-0.03387
20.74813	-0.03307
20.81022	-0.03725
20.88266	-0.03017
20.94475	-0.03307
21.00684	-0.03419
21.06893	-0.03097
21.12067	-0.03516
21.18276	-0.03613
21.23450	-0.03419
21.28624	-0.03436
21.32763	-0.03210
21.37937	-0.03854
21.43111	-0.03564
21.48286	-0.03162
21.54494	-0.03210
21.59669	-0.03419
21.64843	-0.03194
21.70017	-0.03725
21.74156	-0.03355
21.78295	-0.03419
21.82435	-0.03081
21.87609	-0.03548
21.91748	-0.03162
21.95887	-0.03033
22.00026	-0.02952
22.03131	-0.03210
22.07270	-0.03564
22.10375	-0.03355
22.14514	-0.03468
22.17618	-0.03725
22.20723	-0.03951
22.21758	-0.03725
22.23827	-0.03210
22.25897	-0.03242
22.29001	-0.03661
22.32106	-0.03419
22.34176	-0.03146
22.36245	-0.03629
22.39350	-0.03226
22.41419	-0.03226
22.44524	-0.03339
22.46593	-0.03371
22.49698	-0.03065
22.51767	-0.03178
22.54872	-0.03387
22.59011	-0.03258
22.62116	-0.03017
22.66255	-0.03291
22.70394	-0.03452
22.74534	-0.03274
22.77638	-0.03242
22.81777	-0.02984
22.85917	-0.03065
22.90056	-0.03258
22.96265	-0.03339
23.00404	-0.03339
23.04543	-0.03339
23.07648	-0.03500
23.07648	-0.03436
23.10752	-0.03500
23.14891	-0.03307
23.17996	-0.03274
23.22135	-0.03210
23.26274	-0.03371
23.31449	-0.03419
23.35588	-0.03178
23.41797	-0.03822
23.46971	-0.03258
23.51110	-0.03452
23.55249	-0.03629
23.59389	-0.03661
23.62493	-0.03854
23.66632	-0.03258
23.69737	-0.03548
23.73876	-0.03210
23.78015	-0.03436
23.81120	-0.03371
23.83190	-0.03258
23.85259	-0.03532
23.87329	-0.03709
23.89398	-0.03758
23.91468	-0.03323
23.92503	-0.03129
23.94573	-0.03065
23.96642	-0.03548
23.99747	-0.03645
24.02851	-0.03580
24.05956	-0.03436
24.08025	-0.03452
24.11130	-0.03307
24.15269	-0.03516
24.18373	-0.03468
24.22513	-0.03597
24.26652	-0.03629
24.30791	-0.03645
24.33896	-0.03323
24.38035	-0.03725
24.41139	-0.03629
24.45279	-0.03274
24.48383	-0.03838
24.52522	-0.03709
24.55627	-0.03452
24.58731	-0.03242
24.62871	-0.03887
24.65975	-0.03580
24.69080	-0.03339
24.71149	-0.03580
24.74254	-0.03951
24.77358	-0.03452
24.79428	-0.03113
24.82532	-0.03500
24.85637	-0.03323
24.88741	-0.03387
24.91846	-0.03387
24.94950	-0.03500
24.98055	-0.03516
25.01159	-0.03371
25.04263	-0.03758
25.07368	-0.03564
25.10472	-0.03500
25.13577	-0.03613
25.16681	-0.03532
25.19786	-0.03822
25.22890	-0.03339
25.27029	-0.03597
25.30134	-0.03951
25.33238	-0.03484
25.37378	-0.03484
25.41517	-0.03532
25.44621	-0.03838
25.47726	-0.03210
25.51865	-0.03613
25.56004	-0.03629
25.60144	-0.03419
25.64283	-0.03677
25.68422	-0.03854
25.72562	-0.03274
25.75666	-0.03693
25.80840	-0.03645
25.83945	-0.03742
25.88084	-0.03387
25.91188	-0.03419
25.94293	-0.03452
25.97397	-0.03146
26.00502	-0.03677
26.03606	-0.03597
26.06711	-0.03919
26.09815	-0.03613
26.13954	-0.03387
26.19128	-0.03725
26.23268	-0.03645
26.27407	-0.03806
26.31546	-0.03274
26.35686	-0.03419
26.38790	-0.03516
26.42929	-0.03436
26.47069	-0.03307
26.51208	-0.03097
26.56382	-0.03339
26.61556	-0.03516
26.65695	-0.03613
26.68800	-0.03580
26.72939	-0.03307
26.77078	-0.03355
26.81218	-0.03516
26.84322	-0.02936
26.88461	-0.03258
26.91566	-0.03870
26.94670	-0.03500
26.96740	-0.03129
26.98810	-0.03516
27.00879	-0.03210
27.01914	-0.03194
27.03984	-0.03532
27.06053	-0.03774
27.08123	-0.03629
27.10193	-0.03436
27.13297	-0.03468
27.16401	-0.03951
27.18471	-0.03967
27.21576	-0.03870
27.23645	-0.03468
27.25715	-0.03645
27.28819	-0.03725
27.30889	-0.03645
27.33993	-0.03291
27.36063	-0.03178
27.39168	-0.03242
27.42272	-0.03629
27.45376	-0.03613
27.49516	-0.03339
27.52620	-0.03468
27.54690	-0.03210
27.57794	-0.02920
27.60899	-0.03838
27.64003	-0.03403
27.68142	-0.03500
27.72282	-0.03452
27.75386	-0.03307
27.78491	-0.03548
27.80560	-0.03580
27.83665	-0.03113
27.86769	-0.03419
27.89874	-0.03597
27.92978	-0.03548
27.96083	-0.03307
27.99187	-0.03548
28.01257	-0.03580
28.04361	-0.03194
28.06431	-0.03403
28.09535	-0.04032
28.12640	-0.02582
28.17814	-0.03838
28.21953	-0.03597
28.25058	-0.03371
28.29197	-0.03709
28.33336	-0.03629
28.38510	-0.03661
28.44719	-0.03613
28.50928	-0.03194
28.57137	-0.03500
28.62311	-0.03613
28.66450	-0.03419
28.69555	-0.03645
28.72659	-0.03758
28.75764	-0.03629
28.78868	-0.03307
28.80938	-0.03242
28.84042	-0.03709
28.87147	-0.03661
28.90251	-0.02984
28.93356	-0.03661
28.96460	-0.03436
28.99565	-0.03548
29.02669	-0.04015
29.05773	-0.03403
29.08878	-0.03532
29.11982	-0.03580
29.15087	-0.03790
29.17156	-0.03242
29.19226	-0.03758
29.21296	-0.03774
29.24400	-0.03532
29.27505	-0.03822
29.30609	-0.03484
29.34748	-0.03645
29.37853	-0.03919
29.40957	-0.03387
29.44062	-0.03790
29.47166	-0.03677
29.50271	-0.03500
29.53375	-0.03452
29.56480	-0.03500
29.59584	-0.03854
29.62689	-0.03693
29.65793	-0.03436
29.67863	-0.03178
29.69932	-0.03790
29.73037	-0.03468
29.76141	-0.03468
29.79246	-0.03693
29.81315	-0.03484
29.84420	-0.03661
29.87524	-0.03709
29.90629	-0.03194
29.93733	-0.03323
29.96838	-0.03371
30.00977	-0.03113
30.05116	-0.03677
30.08221	-0.03967
30.11325	-0.03693
30.14430	-0.03452
30.18569	-0.03661
30.20638	-0.03436
30.22708	-0.03371
30.24778	-0.03693
30.26847	-0.03468
30.29952	-0.03419
30.33056	-0.03436
30.38230	-0.03323
30.43404	-0.03017
30.49613	-0.03806
30.55822	-0.03403
30.59962	-0.03194
30.63066	-0.03323
30.65136	-0.03629
30.68240	-0.03387
30.71345	-0.03387
30.73414	-0.03693
30.75484	-0.03854
30.78588	-0.03919
30.80658	-0.03709
30.83762	-0.03790
30.85832	-0.03484
30.86867	-0.03790
30.88937	-0.03516
30.91006	-0.03484
30.93076	-0.03468
30.95145	-0.04080
30.98250	-0.03452
31.00320	-0.03693
31.02389	-0.03774
31.05494	-0.03758
31.08598	-0.03371
31.11703	-0.03500
31.14807	-0.03645
31.17911	-0.03484
31.21016	-0.03822
31.24120	-0.03323
31.27225	-0.03564
31.29295	-0.03645
31.31364	-0.03613
31.33434	-0.03629
31.35503	-0.03468
31.36538	-0.03564
31.38608	-0.03403
31.40678	-0.03419
31.42747	-0.03790
31.44817	-0.03548
31.47921	-0.03677
31.51026	-0.03307
31.53095	-0.03323
31.56200	-0.03870
31.59304	-0.03468
31.62409	-0.03468
31.64478	-0.03661
31.66548	-0.03452
31.69652	-0.03597
31.71722	-0.03403
31.73792	-0.03355
31.76896	-0.03983
31.78966	-0.03274
31.81035	-0.03387
31.83105	-0.03580
31.86210	-0.03758
31.88279	-0.03049
31.91384	-0.03806
31.94488	-0.03709
31.98627	-0.03645
32.02767	-0.03484
32.05871	-0.03806
32.11045	-0.03822
32.15185	-0.03790
32.19324	-0.03564
32.23463	-0.03548
32.27602	-0.03323
32.31742	-0.03838
32.35881	-0.03500
32.41055	-0.03661
32.45194	-0.03307
32.49334	-0.03323
32.52438	-0.03097
32.55542	-0.03242
32.57612	-0.03854
32.60717	-0.03307
32.63821	-0.03291
32.66926	-0.03629
32.70030	-0.03500
32.72100	-0.03597
32.75204	-0.03822
32.77274	-0.03677
32.80378	-0.03355
32.83483	-0.03532
32.85552	-0.03822
32.89692	-0.03693
32.91761	-0.03258
32.94866	-0.03307
32.97970	-0.03613
33.01075	-0.03742
33.04179	-0.03677
33.07283	-0.03564
33.10388	-0.03371
33.13492	-0.03468
33.16597	-0.03742
33.19701	-0.03468
33.22806	-0.03774
33.25910	-0.03436
33.29015	-0.03597
33.32119	-0.03661
33.35224	-0.03500
33.37293	-0.03580
33.40398	-0.03258
33.42467	-0.03951
33.46607	-0.03500
33.49711	-0.03500
33.52816	-0.03758
33.54885	-0.03661
33.56955	-0.03742
33.60059	-0.03903
33.61094	-0.03725
33.63164	-0.03548
33.65233	-0.03339
33.67303	-0.03178
33.69373	-0.03178
33.72477	-0.03709
33.73512	-0.03113
33.76616	-0.03484
33.78686	-0.03371
33.81790	-0.03307
33.83860	-0.03661
33.85930	-0.03742
33.87999	-0.03742
33.90069	-0.03758
33.92139	-0.03806
33.94208	-0.03613
33.97313	-0.03790
34.00417	-0.03339
34.02487	-0.04048
34.05591	-0.03709
34.09731	-0.03790
34.12835	-0.03709
34.16974	-0.03935
34.20079	-0.03709
34.23183	-0.03854
34.26288	-0.03887
34.29392	-0.03403
34.33531	-0.03564
34.37671	-0.03548
34.40775	-0.03661
34.43880	-0.03387
34.46984	-0.03758
34.50089	-0.03597
34.53193	-0.03693
34.57332	-0.03548
34.60437	-0.03725
34.63541	-0.03532
34.66646	-0.03597
34.68715	-0.03838
34.70785	-0.03436
34.73889	-0.03645
34.76994	-0.03484
34.80098	-0.03822
34.83203	-0.03548
34.86307	-0.03967
34.89412	-0.03419
34.92516	-0.03822
34.94586	-0.03903
34.98725	-0.03742
35.01830	-0.03806
35.05969	-0.04096
35.09073	-0.03822
35.12178	-0.03597
35.14247	-0.03709
35.17352	-0.03758
35.20456	-0.03371
35.23561	-0.03887
35.27700	-0.03500
35.30805	-0.03822
35.33909	-0.03774
35.37013	-0.03613
35.40118	-0.03822
35.43222	-0.03806
35.45292	-0.03532
35.48396	-0.03903
35.50466	-0.04144
35.53571	-0.03887
35.55640	-0.03597
35.57710	-0.03645
35.60814	-0.03999
35.62884	-0.03709
35.65988	-0.03709
35.68058	-0.03822
35.70128	-0.03242
35.73232	-0.03564
35.75302	-0.03548
35.78406	-0.03645
35.80476	-0.03887
35.83580	-0.03967
35.87720	-0.03532
35.90824	-0.03774
35.93929	-0.03645
35.97033	-0.03887
35.99103	-0.03677
36.03242	-0.03323
36.06346	-0.03532
36.10486	-0.03887
36.14625	-0.03983
36.18764	-0.03629
36.22903	-0.03355
36.28078	-0.04015
36.34286	-0.03806
36.40495	-0.03532
36.46704	-0.03742
36.51878	-0.03951
36.56018	-0.03806
36.60157	-0.03613
36.63261	-0.03967
36.67401	-0.03854
36.72575	-0.03806
36.76714	-0.03742
36.79819	-0.03822
36.82923	-0.03419
36.86027	-0.03742
36.89132	-0.03371
36.92236	-0.03742
36.95341	-0.03645
36.99480	-0.03999
37.02585	-0.03967
37.06724	-0.03935
37.10863	-0.03806
37.13968	-0.03548
37.18107	-0.03854
37.22246	-0.03661
37.26385	-0.03629
37.30525	-0.03452
37.34664	-0.03919
37.38803	-0.03709
37.41908	-0.03613
37.46047	-0.04289
37.49151	-0.03661
37.51221	-0.03725
37.54326	-0.03806
37.56395	-0.03645
37.59500	-0.03500
37.61569	-0.03709
37.64674	-0.03870
37.66743	-0.03774
37.68813	-0.03967
37.70883	-0.03339
37.72952	-0.03983
37.76057	-0.03677
37.78126	-0.03822
37.81231	-0.03919
37.84335	-0.04032
37.87440	-0.03967
37.89509	-0.03564
37.92614	-0.03500
37.94684	-0.03613
37.96753	-0.03629
37.99858	-0.03758
38.01927	-0.03516
38.05032	-0.03548
38.07101	-0.03887
38.10206	-0.03758
38.13310	-0.03774
38.15380	-0.03629
38.18484	-0.03709
38.21589	-0.03870
38.24693	-0.03645
38.27798	-0.03677
38.31937	-0.04209
38.35041	-0.03709
38.40216	-0.03790
38.44355	-0.03774
38.48494	-0.03403
38.52633	-0.03661
38.55738	-0.04112
38.59877	-0.03935
38.64016	-0.03564
38.68156	-0.03500
38.71260	-0.03613
38.74365	-0.03613
38.77469	-0.03742
38.79539	-0.03709
38.82643	-0.03774
38.86782	-0.04257
38.90922	-0.03999
38.94026	-0.03822
38.96096	-0.03951
38.98165	-0.03887
39.01270	-0.03758
39.04374	-0.03790
39.08514	-0.04370
39.12653	-0.03983
39.15757	-0.03742
39.19897	-0.03500
39.24036	-0.03500
39.28175	-0.04209
39.31280	-0.04128
39.34384	-0.03725
39.38523	-0.03774
39.41628	-0.03419
39.45767	-0.03854
39.49906	-0.03677
39.53011	-0.03709
39.56115	-0.03822
39.60255	-0.03887
39.63359	-0.04015
39.67498	-0.03532
39.70603	-0.03645
39.74742	-0.03870
39.77847	-0.03822
39.79916	-0.03548
39.81986	-0.03854
39.84055	-0.03983
39.86125	-0.03983
39.88195	-0.03919
39.89230	-0.03532
39.91299	-0.03967
39.93369	-0.03645
39.95439	-0.03597
39.97508	-0.03661
39.99578	-0.03758
40.02682	-0.03999
40.05787	-0.03677
40.07856	-0.03951
40.09926	-0.03709
40.11996	-0.03484
40.15100	-0.03725
40.17170	-0.03387
40.20274	-0.04080
40.24413	-0.03693
40.27518	-0.03403
40.29588	-0.03661
40.31657	-0.03709
40.33727	-0.03967
40.35796	-0.03629
40.37866	-0.03999
40.39936	-0.03806
40.43040	-0.03532
40.46145	-0.04080
40.49249	-0.03903
40.52354	-0.03742
40.56493	-0.03790
40.59597	-0.03999
40.62702	-0.03838
40.66841	-0.03887
40.69946	-0.04112
40.73050	-0.03645
40.77189	-0.03693
40.80294	-0.03935
40.83398	-0.03564
40.86503	-0.04032
40.90642	-0.03854
40.94781	-0.03790
40.97886	-0.03774
40.99955	-0.04273
41.02025	-0.03967
41.05129	-0.03903
41.08234	-0.03951
41.11338	-0.04015
41.15478	-0.03935
41.19617	-0.03661
41.22721	-0.04338
41.26861	-0.03822
41.29965	-0.04177
41.35139	-0.04032
41.40313	-0.03419
41.45487	-0.03774
41.49627	-0.03903
41.54801	-0.03709
41.59975	-0.03967
41.65149	-0.03758
41.70323	-0.03693
41.74462	-0.03613
41.79636	-0.03790
41.83776	-0.03967
41.88950	-0.04112
41.94124	-0.03709
42.00333	-0.03146
42.06542	-0.04032
42.11716	-0.04370
42.16890	-0.03967
42.21029	-0.04160
42.25168	-0.04273
42.29308	-0.04177
42.33447	-0.04193
42.37586	-0.04257
42.40691	-0.04257
42.43795	-0.03967
42.44830	-0.04160
42.45865	-0.03903
42.47935	-0.04048
42.48969	-0.04209
42.51039	-0.04209
42.53109	-0.04322
42.54143	-0.04338
42.56213	-0.04112
42.59318	-0.04193
42.61387	-0.04096
42.63457	-0.04257
42.66561	-0.04289
42.68631	-0.04257
42.71735	-0.04305
42.74840	-0.04370
42.77944	-0.04160
42.81049	-0.04305
42.83118	-0.04080
42.86223	-0.04305
42.90362	-0.03903
42.94501	-0.04370
42.97606	-0.04402
43.00710	-0.04015
43.04850	-0.03887
43.06919	-0.04128
43.11058	-0.04128
43.14163	-0.03967
43.17267	-0.03983
43.21407	-0.04160
43.24511	-0.04128
43.26581	-0.04225
43.29685	-0.04660
43.30720	-0.04579
43.32790	-0.04160
43.33825	-0.04273
43.34859	-0.04225
43.36929	-0.04225
43.38999	-0.04370
43.41068	-0.04273
43.44173	-0.04257
43.49347	-0.04128
43.54521	-0.04080
43.60730	-0.04128
43.67974	-0.04225
43.73148	-0.04177
43.78322	-0.04789
43.83496	-0.04322
43.86600	-0.04305
43.90740	-0.04450
43.94879	-0.04386
43.97983	-0.04048
44.00053	-0.04064
44.04192	-0.03742
44.06262	-0.04096
44.09366	-0.04338
44.13506	-0.03951
44.15575	-0.03983
44.18680	-0.04193
44.21784	-0.04418
44.24889	-0.04064
44.27993	-0.04289
44.32132	-0.04225
44.35237	-0.04467
44.39376	-0.04015
44.42481	-0.04467
44.46620	-0.04015
44.49724	-0.04338
44.52829	-0.04386
44.54898	-0.04241
44.56968	-0.04305
44.58003	-0.04241
44.59038	-0.04241
44.60073	-0.04644
44.61107	-0.04418
44.62142	-0.04160
44.64212	-0.04338
44.65247	-0.04322
44.66281	-0.03951
44.66281	-0.04064
44.67316	-0.04096
44.68351	-0.04338
44.68351	-0.04628
44.69386	-0.04386
44.70421	-0.04434
44.70421	-0.04354
44.71456	-0.04354
44.72490	-0.04257
44.73525	-0.04273
44.75595	-0.04402
44.77664	-0.04338
44.79734	-0.04386
44.81804	-0.04160
44.83873	-0.04386
44.86978	-0.04015
44.89047	-0.04257
44.92152	-0.04531
44.96291	-0.04144
45.00430	-0.04015
45.05605	-0.04579
45.10779	-0.04338
45.14918	-0.04225
45.18022	-0.04579
45.21127	-0.04450
45.23197	-0.04434
45.26301	-0.04595
45.29405	-0.04628
45.32510	-0.04467
45.35614	-0.04724
45.38719	-0.04692
45.40788	-0.04724
45.42858	-0.04660
45.44928	-0.04305
45.45963	-0.04128
45.48032	-0.04257
45.50102	-0.04547
45.51137	-0.03951
45.53206	-0.04708
45.55276	-0.04418
45.56311	-0.04483
45.58380	-0.04338
45.59415	-0.04434
45.60450	-0.04467
45.62520	-0.04418
45.64589	-0.04402
45.66659	-0.04402
45.69763	-0.05111
45.70798	-0.04338
45.73903	-0.04096
45.75972	-0.04579
45.78042	-0.04370
45.80112	-0.04418
45.81146	-0.04015
45.82181	-0.04338
45.84251	-0.04450
45.85286	-0.04241
45.87355	-0.05014
45.90460	-0.04354
45.92529	-0.04434
45.95634	-0.04483
45.98738	-0.04563
46.01843	-0.04724
46.03912	-0.04579
46.05982	-0.04612
46.08052	-0.04402
46.11156	-0.04885
46.14261	-0.04934
46.17365	-0.04305
46.19435	-0.04225
46.21504	-0.04595
46.24609	-0.04853
46.27713	-0.04450
46.30818	-0.04499
46.33922	-0.04563
46.37027	-0.04547
46.40131	-0.04676
46.43236	-0.04354
46.47375	-0.04434
46.51514	-0.04032
46.54619	-0.04225
46.57723	-0.04434
46.60828	-0.04434
46.63932	-0.04644
46.67036	-0.04547
46.71176	-0.04869
46.75315	-0.04837
46.79454	-0.04869
46.84628	-0.04821
46.88768	-0.04628
46.91872	-0.04289
46.96011	-0.04628
47.00151	-0.04434
47.04290	-0.04418
47.08429	-0.04628
47.10499	-0.04740
47.13603	-0.04708
47.15673	-0.05095
47.18777	-0.04402
47.22917	-0.04612
47.27056	-0.04885
47.30160	-0.04434
47.33265	-0.04595
47.36369	-0.04853
47.39474	-0.04628
47.42578	-0.04756
47.45683	-0.04547
47.49822	-0.04579
47.51892	-0.04354
47.53961	-0.04885
47.56031	-0.04370
47.58101	-0.04257
47.60170	-0.04724
47.62240	-0.04773
47.64309	-0.04708
47.67414	-0.04467
47.70518	-0.04805
47.73623	-0.04756
47.75693	-0.04660
47.79832	-0.04708
47.82936	-0.04756
47.86041	-0.04773
47.89145	-0.04579
47.92250	-0.04644
47.95354	-0.04740
47.98459	-0.04450
48.00528	-0.04450
48.03633	-0.04289
48.05702	-0.04789
48.08807	-0.04483
48.10876	-0.04241
48.12946	-0.04692
48.15016	-0.04644
48.17085	-0.04789
48.19155	-0.04805
48.21225	-0.04950
48.23294	-0.04499
48.25364	-0.04885
48.27433	-0.05095
48.30538	-0.04740
48.33642	-0.04692
48.37782	-0.04885
48.41921	-0.04628
48.46060	-0.04869
48.50200	-0.04966
48.54339	-0.04821
48.59513	-0.05030
48.64687	-0.05191
48.69861	-0.04708
48.76070	-0.04354
48.81244	-0.05046
48.86418	-0.04724
48.90557	-0.04789
48.95732	-0.04418
49.00906	-0.04547
49.07115	-0.04773
49.12289	-0.04595
49.16428	-0.04901
49.19532	-0.05030
49.22637	-0.04821
49.26776	-0.04966
49.29881	-0.04982
49.34020	-0.04934
49.37124	-0.04499
49.41264	-0.04467
49.44368	-0.04869
49.48507	-0.04354
49.53681	-0.04789
49.57821	-0.04612
49.62995	-0.05304
49.66099	-0.05127
49.69204	-0.05143
49.73343	-0.04869
49.76448	-0.04918
49.80587	-0.04885
49.85761	-0.05095
49.88865	-0.04612
49.93005	-0.04789
49.96109	-0.04805
50.00248	-0.05143
50.03353	-0.04644
50.07492	-0.04612
50.11631	-0.05046
50.15771	-0.04885
50.18875	-0.04934
50.23014	-0.04837
50.27154	-0.04934
50.30258	-0.04692
50.34397	-0.04467
50.38537	-0.04805
50.42676	-0.04612
50.46815	-0.05191
50.50955	-0.04660
50.55094	-0.04773
50.60268	-0.04434
50.64407	-0.04918
50.68546	-0.04918
50.73721	-0.04547
50.77860	-0.04628
50.81999	-0.04724
50.87173	-0.04869
50.93382	-0.04885
50.98556	-0.04998
51.02695	-0.04950
51.05800	-0.04837
51.09939	-0.05111
51.13044	-0.04901
51.17183	-0.04853
51.21322	-0.05095
51.24427	-0.04918
51.28566	-0.04934
51.31670	-0.04885
51.34775	-0.05046
51.37879	-0.04998
51.40984	-0.05320
51.44088	-0.05175
51.48228	-0.04918
51.52367	-0.05191
51.56506	-0.04998
51.61680	-0.05288
51.65819	-0.05014
51.69959	-0.04853
51.74098	-0.04869
51.79272	-0.04724
51.83411	-0.05030
51.88586	-0.04950
51.93760	-0.04853
51.97899	-0.05159
52.03073	-0.05159
52.08247	-0.04692
52.11352	-0.05240
52.14456	-0.05063
52.17560	-0.04966
52.21700	-0.05014
52.24804	-0.04805
52.28943	-0.04724
52.34118	-0.04756
52.37222	-0.04773
52.41361	-0.04789
52.44466	-0.04628
52.49640	-0.05014
52.53779	-0.05063
52.58953	-0.05030
52.63093	-0.04885
52.67232	-0.05304
52.71371	-0.04789
52.73441	-0.04901
52.76545	-0.05514
52.77580	-0.05288
52.79650	-0.05224
52.80684	-0.04612
52.82754	-0.04724
52.84824	-0.05079
52.86893	-0.05256
52.88963	-0.05369
52.91033	-0.05127
52.94137	-0.04499
52.96207	-0.05353
52.99311	-0.04756
53.02416	-0.05320
53.05520	-0.04885
53.08625	-0.05046
53.11729	-0.05159
53.13799	-0.04982
53.16903	-0.04934
53.20008	-0.04869
53.23112	-0.04692
53.27251	-0.04918
53.30356	-0.05320
53.32425	-0.05143
53.34495	-0.04756
53.37600	-0.04644
53.39669	-0.05079
53.41739	-0.05046
53.44843	-0.05079
53.46913	-0.05143
53.48983	-0.04660
53.52087	-0.04821
53.56226	-0.05063
53.61400	-0.05079
53.66574	-0.05079
53.71749	-0.05095
53.76923	-0.05256
53.81062	-0.05336
53.85201	-0.05208
53.90375	-0.05143
53.94515	-0.04998
53.99689	-0.04885
54.05898	-0.05014
54.12107	-0.04885
54.16246	-0.04885
54.21420	-0.04869
54.25559	-0.04901
54.29698	-0.04692
54.33838	-0.04966
54.39012	-0.04885
54.43151	-0.04660
54.48325	-0.05127
54.53499	-0.04821
54.57639	-0.05304
54.61778	-0.04982
54.64882	-0.05175
54.67987	-0.04982
54.70056	-0.05063
54.73161	-0.05159
54.76265	-0.05320
54.79370	-0.05063
54.82474	-0.04885
54.86614	-0.04773
54.89718	-0.05014
54.93857	-0.05240
54.96962	-0.04837
55.00066	-0.05063
55.03171	-0.05320
55.05240	-0.04837
55.08345	-0.04966
55.11449	-0.05079
55.16623	-0.05272
55.21797	-0.04950
55.26972	-0.05224
55.30076	-0.05256
55.33180	-0.05143
55.36285	-0.04966
55.38355	-0.04885
55.40424	-0.05208
55.44563	-0.04934
55.47668	-0.04982
55.50772	-0.05014
55.54912	-0.05014
55.58016	-0.05030
55.61121	-0.05449
55.63190	-0.04982
55.65260	-0.04805
55.69399	-0.04934
55.73538	-0.04869
55.76643	-0.04628
55.80782	-0.05143
55.85956	-0.05127
55.89061	-0.05159
55.93200	-0.05353
55.97339	-0.04998
56.02513	-0.05014
56.06653	-0.05111
56.11827	-0.04869
56.15966	-0.05014
56.20105	-0.05191
56.23210	-0.05288
56.27349	-0.04740
56.29419	-0.04740
56.32523	-0.05127
56.34593	-0.04934
56.34593	-0.05063
56.37697	-0.04885
56.39767	-0.05240
56.42871	-0.04918
56.47011	-0.04934
56.50115	-0.05111
56.52185	-0.05063
56.55289	-0.05175
56.58394	-0.05272
56.61498	-0.05224
56.64603	-0.05014
56.67707	-0.04918
56.70811	-0.04740
56.74951	-0.04901
56.79090	-0.05111
56.83229	-0.05208
56.88403	-0.04853
56.94612	-0.04692
56.99786	-0.05159
57.05995	-0.04934
57.12204	-0.05208
57.17378	-0.04724
57.23587	-0.04821
57.29796	-0.04805
57.36005	-0.04821
57.42214	-0.04563
57.47388	-0.04676
57.52562	-0.04885
57.57736	-0.05014
57.61876	-0.05240
57.67050	-0.05143
57.72224	-0.04595
57.76363	-0.05030
57.80502	-0.04756
57.84642	-0.05079
57.89816	-0.04644
57.94990	-0.04612
57.99129	-0.05079
58.02234	-0.04595
58.06373	-0.04934
58.10512	-0.04724
58.14651	-0.04821
58.19825	-0.05095
58.25000	-0.04547
58.29139	-0.04901
58.33278	-0.04934
58.36383	-0.05063
58.39487	-0.04773
58.43626	-0.04676
58.46731	-0.04740
58.49835	-0.04740
58.52940	-0.04676
58.56044	-0.04805
58.56044	-0.04612
58.59149	-0.04901
58.62253	-0.04998
58.64323	-0.04595
58.67427	-0.04837
58.70532	-0.04885
58.73636	-0.04354
58.76741	-0.04612
58.80880	-0.04418
58.85019	-0.04322
58.88124	-0.04628
58.91228	-0.04499
58.94332	-0.04708
58.97437	-0.04547
58.99507	-0.04628
59.02611	-0.04612
59.05716	-0.04805
59.08820	-0.04547
59.12959	-0.04740
59.16064	-0.04450
59.20203	-0.04837
59.22273	-0.04982
59.25377	-0.04644
59.28482	-0.04628
59.30551	-0.04579
59.32621	-0.04660
59.34690	-0.04885
59.35725	-0.04209
59.37795	-0.04563
59.39865	-0.04483
59.40899	-0.04064
59.42969	-0.04402
59.44004	-0.04563
59.45039	-0.04322
59.46073	-0.04563
59.48143	-0.04660
59.49178	-0.04434
59.52282	-0.04756
59.54352	-0.04177
59.57456	-0.04467
59.60561	-0.04934
59.64700	-0.04450
59.69874	-0.04064
59.74014	-0.04370
59.79188	-0.04740
59.84362	-0.04612
59.89536	-0.04370
59.93675	-0.04579
59.97814	-0.04241
60.02989	-0.04015
60.07128	-0.04209
60.11267	-0.04289
60.16441	-0.04338
60.20580	-0.04628
60.24720	-0.04724
60.26789	-0.04483
60.28859	-0.04483
60.30929	-0.04563
60.32998	-0.04805
60.34033	-0.04386
60.37138	-0.04418
60.39207	-0.04354
60.41277	-0.04676
60.44381	-0.04660
60.47486	-0.04354
60.50590	-0.04209
60.53695	-0.04322
60.56799	-0.04740
60.60938	-0.04531
60.64043	-0.04386
60.67147	-0.03983
60.70252	-0.04563
60.73356	-0.04160
60.76461	-0.04209
60.79565	-0.04547
60.81635	-0.04273
60.83704	-0.04434
60.86809	-0.04692
60.88879	-0.04289
60.90948	-0.04225
60.94053	-0.04354
60.96122	-0.04354
60.98192	-0.04354
61.00262	-0.04499
61.02331	-0.04612
61.05436	-0.04241
61.07505	-0.04370
61.09575	-0.04660
61.11645	-0.04112
61.13714	-0.04467
61.14749	-0.04547
61.16819	-0.03967
61.18888	-0.04160
61.20958	-0.04837
61.23028	-0.04531
61.24062	-0.04467
61.26132	-0.04338
61.28202	-0.04418
61.29237	-0.04644
61.31306	-0.04112
61.33376	-0.04354
61.34411	-0.04273
61.36480	-0.04724
61.38550	-0.04515
61.40620	-0.04322
61.42689	-0.04257
61.45794	-0.04338
61.48898	-0.03790
61.52003	-0.04450
61.55107	-0.04483
61.58212	-0.04402
61.61316	-0.04805
61.64420	-0.04450
61.67525	-0.04370
61.69595	-0.04096
61.71664	-0.04483
61.73734	-0.04579
61.75803	-0.04289
61.78908	-0.04322
61.80978	-0.04289
61.84082	-0.03983
61.87186	-0.04434
61.90291	-0.04370
61.93395	-0.04273
61.96500	-0.04434
61.99604	-0.04402
62.02709	-0.04531
62.04778	-0.04483
62.07883	-0.04563
62.10987	-0.04144
62.14092	-0.04177
62.17196	-0.04418
62.20301	-0.04177
62.24440	-0.04740
62.29614	-0.04354
62.34788	-0.03919
62.40997	-0.04144
62.46171	-0.04305
62.52380	-0.04225
62.58589	-0.04064
62.64798	-0.04547
62.69972	-0.04386
62.75146	-0.04289
62.81355	-0.04160
62.87564	-0.04467
62.93773	-0.03822
62.99982	-0.04273
63.07226	-0.04515
63.15504	-0.04499
63.22748	-0.04225
63.28957	-0.04128
63.36200	-0.04209
63.43444	-0.03693
63.48618	-0.04096
63.53792	-0.03935
63.58967	-0.03854
63.63106	-0.04128
63.66210	-0.04177
63.69315	-0.04338
63.72419	-0.04080
63.74489	-0.04096
63.76558	-0.03951
63.78628	-0.04177
63.80698	-0.04128
63.82767	-0.04273
63.84837	-0.03870
63.87941	-0.03903
63.91046	-0.03693
63.94150	-0.03838
63.98290	-0.03951
64.03464	-0.04032
64.07603	-0.03983
64.11742	-0.03951
64.14847	-0.03967
64.17951	-0.03758
64.22091	-0.04080
64.26230	-0.03887
64.30369	-0.03887
64.34508	-0.03661
64.36578	-0.03693
64.40717	-0.03983
64.44857	-0.04386
64.50031	-0.04370
64.54170	-0.04177
64.58309	-0.03870
64.62448	-0.03919
64.65553	-0.03806
64.67623	-0.03887
64.70727	-0.03742
64.73831	-0.03661
64.76936	-0.04418
64.80040	-0.03532
64.83145	-0.03564
64.86249	-0.03709
64.88319	-0.03854
64.90389	-0.03870
64.93493	-0.03999
64.95563	-0.04096
64.98667	-0.03967
65.01772	-0.03919
65.03841	-0.04128
65.06946	-0.04096
65.11085	-0.03725
65.14189	-0.04193
65.18329	-0.03774
65.21433	-0.04032
65.24538	-0.03532
65.26607	-0.03742
65.29712	-0.04257
65.33851	-0.03822
65.36955	-0.03548
65.41095	-0.03371
65.44199	-0.03693
65.48338	-0.03870
65.50408	-0.04241
65.53513	-0.03951
65.55582	-0.03580
65.58687	-0.03903
65.62826	-0.03677
65.65930	-0.03629
65.71105	-0.03677
65.75244	-0.03645
65.81453	-0.04112
65.85592	-0.03935
65.90766	-0.03903
65.94905	-0.03725
65.98010	-0.03645
66.01114	-0.03661
66.03184	-0.03613
66.05254	-0.03629
66.08358	-0.03903
66.10428	-0.04257
66.12497	-0.03870
66.14567	-0.03274
66.16637	-0.03725
66.18706	-0.03613
66.20776	-0.03758
66.23880	-0.03999
66.24915	-0.03903
66.28020	-0.04289
66.30089	-0.04032
66.32159	-0.03709
66.34229	-0.03291
66.37333	-0.03452
66.39403	-0.03597
66.42507	-0.03774
66.46646	-0.04225
66.49751	-0.03999
66.53890	-0.03838
66.58029	-0.03725
66.61134	-0.03806
66.63203	-0.03935
66.66308	-0.04015
66.67343	-0.03758
66.69412	-0.03709
66.71482	-0.03870
66.73552	-0.03661
66.75621	-0.03870
66.77691	-0.03629
66.79761	-0.03580
66.82865	-0.03742
66.84935	-0.03774
66.88039	-0.04080
66.91144	-0.04257
66.93213	-0.03677
66.96318	-0.03919
67.00457	-0.03758
67.04596	-0.03903
67.08736	-0.03790
67.12875	-0.03709
67.18049	-0.03548
67.23223	-0.03887
67.27362	-0.03774
67.31502	-0.03742
67.36676	-0.03597
67.42885	-0.03613
67.45989	-0.03580
67.50128	-0.03661
67.53233	-0.04015
67.57372	-0.03822
67.60477	-0.03419
67.65651	-0.04032
67.69790	-0.03371
67.74964	-0.03597
67.80138	-0.03742
67.86347	-0.03339
67.91521	-0.03677
67.95660	-0.03597
68.00834	-0.03597
68.03939	-0.03387
68.08078	-0.03693
68.11183	-0.03403
68.14287	-0.03854
68.17392	-0.03597
68.20496	-0.03468
68.22566	-0.03580
68.25670	-0.03661
68.28775	-0.03725
68.32914	-0.03693
68.36018	-0.03307
68.40158	-0.03806
68.43262	-0.03693
68.46367	-0.03661
68.49471	-0.04193
68.53610	-0.03097
68.56715	-0.03677
68.60854	-0.03919
68.63958	-0.03516
68.67063	-0.03903
68.70167	-0.03452
68.74307	-0.03693
68.77411	-0.03758
68.82585	-0.03436
68.86725	-0.03838
68.90864	-0.03661
68.93968	-0.03693
68.97073	-0.03323
68.99142	-0.03274
69.02247	-0.03484
69.06386	-0.03532
69.09491	-0.03564
69.13630	-0.03564
69.17769	-0.03597
69.20874	-0.03548
69.25013	-0.03339
69.30187	-0.03468
69.34326	-0.03258
69.39500	-0.03065
69.42605	-0.03629
69.46744	-0.03758
69.49849	-0.03693
69.52953	-0.03725
69.55023	-0.03226
69.58127	-0.03613
69.61232	-0.03129
69.64336	-0.03532
69.68475	-0.03629
69.72615	-0.03532
69.76754	-0.03371
69.80893	-0.03516
69.85032	-0.03887
69.89172	-0.03580
69.94346	-0.03725
69.97450	-0.03258
70.01589	-0.03419
70.04694	-0.03919
70.08833	-0.03484
70.11938	-0.03113
70.16077	-0.03468
70.20216	-0.03419
70.23321	-0.03564
70.26425	-0.03129
70.30564	-0.03387
70.34704	-0.03564
70.39878	-0.03033
70.45052	-0.03419
70.49191	-0.03323
70.53330	-0.03532
70.55400	-0.03661
70.59539	-0.03693
70.62644	-0.03516
70.65748	-0.03129
70.69888	-0.03323
70.74027	-0.03500
70.77131	-0.03291
70.79201	-0.03725
70.82305	-0.03129
70.86445	-0.03484
70.89549	-0.03307
70.93688	-0.03403
70.97828	-0.03887
71.01967	-0.03258
71.08176	-0.03725
71.13350	-0.03403
71.19559	-0.03387
71.23698	-0.02936
71.28872	-0.03146
71.31977	-0.03339
71.35081	-0.03146
71.39220	-0.03436
71.42325	-0.03146
71.44395	-0.03033
71.47499	-0.03033
71.50604	-0.03033
71.53708	-0.03274
71.55778	-0.03403
71.59917	-0.03097
71.64056	-0.03017
71.67161	-0.02984
71.70265	-0.02533
71.72335	-0.02662
71.75439	-0.02968
71.78544	-0.03065
71.81648	-0.02743
71.85787	-0.02662
71.89927	-0.02662
71.94066	-0.02517
71.97170	-0.02469
72.01310	-0.02469
72.05449	-0.02582
72.08553	-0.02517
72.12693	-0.02276
72.15797	-0.02372
72.18902	-0.02421
72.22006	-0.02678
72.24076	-0.02437
72.27180	-0.02485
72.29250	-0.02356
72.32354	-0.02276
72.35459	-0.02308
72.38563	-0.02082
72.42702	-0.02066
72.46842	-0.02259
72.50981	-0.02018
72.53051	-0.01760
72.56155	-0.02340
72.58225	-0.01905
72.61329	-0.01857
72.63399	-0.01728
72.66503	-0.01712
72.70643	-0.01873
72.74782	-0.02421
72.78921	-0.01680
72.84095	-0.01792
72.87200	-0.01937
72.91339	-0.01776
72.94443	-0.01663
72.96513	-0.02421
72.99618	-0.01889
73.01687	-0.02259
73.04792	-0.02453
73.07896	-0.02598
73.09966	-0.02147
73.13070	-0.02437
73.15140	-0.02678
73.18244	-0.02791
73.20314	-0.02517
73.23418	-0.02791
73.26523	-0.02630
73.30662	-0.02614
73.35836	-0.02598
73.42045	-0.03210
73.48254	-0.02711
73.53428	-0.02678
73.58602	-0.02936
73.63776	-0.03307
73.67916	-0.02936
73.72055	-0.03065
73.75159	-0.02920
73.78264	-0.03210
73.82403	-0.03226
73.85508	-0.03242
73.88612	-0.03403
73.91716	-0.03242
73.94821	-0.03339
73.97925	-0.03097
74.01030	-0.02920
74.04134	-0.03194
74.06204	-0.02904
74.08274	-0.03291
74.10343	-0.03097
74.12413	-0.03097
74.14483	-0.03258
74.15517	-0.03001
74.18622	-0.03033
74.20691	-0.02984
74.23796	-0.02775
74.27935	-0.03307
74.32074	-0.03097
74.35179	-0.03129
74.38283	-0.03113
74.41388	-0.02888
74.44492	-0.03146
74.46562	-0.03017
74.48632	-0.03242
74.51736	-0.03162
74.53806	-0.02743
74.56910	-0.02936
74.60015	-0.03242
74.62084	-0.02856
74.65189	-0.03355
74.68293	-0.03081
74.72432	-0.03307
74.75537	-0.03049
74.78641	-0.03597
74.80711	-0.03355
74.83815	-0.03065
74.86920	-0.03017
74.90024	-0.02823
74.95198	-0.03452
74.99338	-0.03162
75.04512	-0.03339
75.08651	-0.03178
75.12790	-0.03403
75.16930	-0.03162
75.20034	-0.03097
75.24173	-0.02678
75.28313	-0.02743
75.32452	-0.02775
75.36591	-0.02743
75.39696	-0.03436
75.43835	-0.03017
75.46939	-0.03452
75.50044	-0.02678
75.53148	-0.02791
75.55218	-0.03371
75.58322	-0.02984
75.60392	-0.02888
75.63497	-0.02872
75.65566	-0.02791
75.68671	-0.02582
75.70740	-0.03049
75.73845	-0.03194
75.75914	-0.02872
75.79019	-0.03017
75.82123	-0.02904
75.85228	-0.03001
75.89367	-0.03178
75.92471	-0.02968
75.95576	-0.02759
75.98680	-0.03291
76.01785	-0.02984
76.03854	-0.02614
76.06959	-0.02566
76.10063	-0.02775
76.12133	-0.02711
76.14203	-0.02823
76.16272	-0.02711
76.18342	-0.03226
76.21446	-0.03017
76.23516	-0.02711
76.25586	-0.02630
76.27655	-0.02904
76.29725	-0.02856
76.31795	-0.02904
76.32829	-0.02549
76.34899	-0.02872
76.36969	-0.03258
76.39038	-0.03371
76.40073	-0.02952
76.42143	-0.02807
76.43178	-0.02872
76.45247	-0.03049
76.47317	-0.02904
76.48352	-0.02904
76.50421	-0.02662
76.51456	-0.02807
76.53526	-0.02582
76.56630	-0.03033
76.59735	-0.02485
76.61804	-0.02453
76.64909	-0.03049
76.66978	-0.03049
76.68013	-0.03113
76.69048	-0.03097
76.70083	-0.02791
76.72153	-0.02952
76.74222	-0.02936
76.76292	-0.02888
76.78362	-0.02920
76.81466	-0.02791
76.83536	-0.02662
76.84570	-0.02888
76.86640	-0.02856
76.88710	-0.02694
76.90779	-0.03081
76.92849	-0.02437
76.93884	-0.02791
76.95953	-0.02984
76.98023	-0.02662
77.01128	-0.02791
77.03197	-0.02775
77.06302	-0.03226
77.10441	-0.03129
77.14580	-0.02936
77.17685	-0.02872
77.20789	-0.03097
77.22859	-0.02872
77.24928	-0.02662
77.25963	-0.03178
77.28033	-0.02839
77.30102	-0.02904
77.31137	-0.02727
77.33207	-0.03226
77.35277	-0.02517
77.37346	-0.03033
77.39416	-0.03049
77.42520	-0.02566
77.45625	-0.02775
77.48729	-0.02856
77.51834	-0.02920
77.55973	-0.02727
77.58043	-0.02630
77.61147	-0.02856
77.63217	-0.02308
77.65286	-0.02711
77.67356	-0.02920
77.70460	-0.02984
77.74600	-0.03065
77.77704	-0.02807
77.82878	-0.03113
77.85983	-0.02839
77.90122	-0.02485
77.92192	-0.02372
77.95296	-0.02839
77.97366	-0.02243
78.00470	-0.02582
78.03575	-0.02872
78.07714	-0.02807
78.10818	-0.02549
78.13923	-0.02711
78.17027	-0.02340
78.20132	-0.02614
78.22201	-0.02759
78.25306	-0.02533
78.27376	-0.02614
78.31515	-0.02694
78.34619	-0.02421
78.38759	-0.02485
78.42898	-0.02533
78.47037	-0.02791
78.50142	-0.02582
78.53246	-0.02147
78.56350	-0.02034
78.60490	-0.02131
78.64629	-0.02582
78.68768	-0.02662
78.71873	-0.02549
78.74977	-0.02388
78.77047	-0.02791
78.79117	-0.02501
78.81186	-0.02678
78.83256	-0.02566
78.84291	-0.02566
78.86360	-0.02211
78.87395	-0.02372
78.88430	-0.02614
78.89465	-0.02437
78.90500	-0.02421
78.92569	-0.02711
78.94639	-0.02469
78.96708	-0.02614
78.99813	-0.02469
79.02917	-0.02727
79.06022	-0.02549
79.09126	-0.02453
79.11196	-0.02711
79.13266	-0.02292
79.15335	-0.02292
79.18440	-0.02630
79.20509	-0.02050
79.23614	-0.02324
79.27753	-0.02469
79.30857	-0.02678
79.34997	-0.02646
79.39136	-0.02743
79.42241	-0.02566
79.46380	-0.02227
79.50519	-0.02694
79.54658	-0.02259
79.59832	-0.02388
79.65007	-0.02775
79.70181	-0.02324
79.74320	-0.02404
79.78459	-0.02614
79.81564	-0.02614
79.85703	-0.02259
79.88807	-0.02340
79.92947	-0.02388
79.96051	-0.02131
80.00190	-0.02517